0.13137,0.01869,0.64537
0.13137,0.01869,2.22289
0.00000,0.00000,0.00000
0.13137,0.01869,0.64537
0.13137,0.00869,0.57040
0.13137,0.00869,0.57040
0.13137,0.00869,0.57040
0.13137,0.00869,0.57040
0.13137,0.00869,0.57040
0.13137,0.00869,0.57040
0.13137,0.00869,0.57040
0.13137,0.00869,0.57040
0.13137,0.00869,0.57040
0.13137,0.00869,0.57040
0.13137,0.00869,0.57040
0.13137,0.00869,0.57040
0.13137,0.00869,0.57040
0.13137,0.00869,0.57040
0.13137,0.00869,0.57040
0.13137,0.00869,0.57040
0.13137,0.00869,0.57040
0.13137,0.00869,0.57040
0.13137,0.00869,0.57040
0.13137,0.00869,0.57040
0.13137,0.00869,0.57040
0.13137,0.00869,0.57040
0.13137,0.00869,0.57040
0.13137,0.00869,0.57040
0.13137,0.00869,0.57040
0.13137,0.00869,0.57040
0.13137,0.00869,0.57040
0.13137,0.00869,0.57040
0.13137,0.00869,0.57040
0.13137,0.00869,0.57040
0.13137,0.00869,0.57040
0.13137,0.00869,0.57040
0.13137,0.00869,0.57040
0.13137,0.00869,0.57040
0.13137,0.00869,0.57040
0.13137,0.00869,0.57040
0.13137,0.00869,0.57040
0.13137,0.00869,0.57040
0.13137,0.00869,0.57040
0.13137,0.00869,0.57040
0.13137,0.00869,0.57040
0.13137,0.00869,0.57040
0.13137,0.00869,0.57040
0.13137,0.00869,0.57040
0.13137,0.00869,0.57040
0.13137,0.00869,0.57040
0.13137,0.00869,0.57040
0.13137,0.00869,0.57040
0.13137,0.00869,0.57040
0.13137,0.00869,0.57040
0.13137,0.00869,0.57040
0.13137,0.00869,0.57040
0.13137,0.00869,0.57040
0.13137,0.00869,0.57040
0.13137,0.00869,0.57040
0.13137,0.00869,0.57040
0.13137,0.00869,0.57040
0.13137,0.00869,0.57040
0.13137,0.00869,0.57040
0.13137,0.00869,0.57040
0.13137,0.00869,0.57040
0.13137,0.00869,0.57040
0.13137,0.00869,0.57040
0.13137,0.00869,0.57040
0.13137,0.00869,0.57040
0.13137,0.00869,0.57040
0.13137,0.00869,0.57040
0.13137,0.00869,0.57040
0.13137,0.00869,0.57040
0.13137,0.00869,0.57040
0.13137,0.00869,0.57040
0.13137,0.00869,0.57040
0.13137,0.00869,0.57040
0.13137,0.00869,0.57040
0.13137,0.00869,0.57040
0.13137,0.00869,0.57040
0.13137,0.00869,0.57040
0.13137,0.00869,0.57040
0.13137,0.00869,0.57040
0.13137,0.00869,0.57040
0.13137,0.00869,0.57040
0.13137,0.00869,0.57040
0.13137,0.00869,0.57040
0.13137,0.00869,0.57040
0.13137,0.00869,0.57040
0.13137,0.00869,0.57040
0.13137,0.00869,0.57040
0.13137,0.00869,0.57040
0.13137,0.00869,0.57040
0.13137,0.00869,0.57040
0.13137,0.00869,0.57040
0.13137,0.00869,0.57040
0.13137,0.00869,0.57040
0.13137,0.00869,0.57040
0.13137,0.00869,0.57040
0.13137,0.00869,0.57040
0.13137,0.00869,0.57040
0.13137,0.00869,0.57040
0.13137,0.00869,0.57040
0.13137,0.00869,0.57040
0.13137,0.00869,0.57040
0.13137,0.00869,0.57040
0.13137,0.00869,0.57040
0.13137,0.00869,0.57040
0.13137,0.00869,0.57040
0.13137,0.00869,0.57040
0.13137,0.00869,0.57040
0.13137,0.00869,0.57040
0.13137,0.00869,0.57040
0.13137,0.00869,0.57040
0.13137,0.00869,0.57040
0.13137,0.00869,0.57040
0.13137,0.00869,0.57040
0.13137,0.00869,0.57040
0.13137,0.00869,0.57040
0.13137,0.00869,0.57040
0.13137,0.00869,0.57040
0.13137,0.00869,0.57040
0.13137,0.00869,0.57040
0.13137,0.00869,0.57040
0.13137,0.00869,0.57040
0.13137,0.00869,0.57040
0.13137,0.00869,0.57040
0.13137,0.00869,0.57040
0.13137,0.00869,0.57040
0.13137,0.00869,0.57040
0.13137,0.00869,0.57040
0.13137,0.00869,0.57040
0.13137,0.00869,0.57040
0.13137,0.00869,0.57040
0.13137,0.00869,0.57040
0.13137,0.00869,0.57040
0.13137,0.00869,0.57040
0.13137,0.00869,0.57040
0.13137,0.00869,0.57040
0.13137,0.00869,0.57040
0.13137,0.00869,0.57040
0.13137,0.00869,0.57040
0.13137,0.00869,0.57040
0.13137,0.00869,0.57040
0.13137,0.00869,0.57040
0.13137,0.00869,0.57040
0.13137,0.00869,0.57040
0.13137,0.00869,0.57040
0.13137,0.00869,0.57040
0.13137,0.00869,0.57040
0.13137,0.00869,0.57040
0.13137,0.00869,0.57040
0.13137,0.00869,0.57040
0.13137,0.00869,0.57040
0.13137,0.00869,0.57040
0.13137,0.00869,0.57040
0.13137,0.00869,0.57040
0.13137,0.00869,0.57040
0.13137,0.00869,0.57040
0.13137,0.00869,0.57040
0.13137,0.00869,0.57040
0.13137,0.00869,0.57040
0.13137,0.00869,0.57040
0.13137,0.00869,0.57040
0.13137,0.00869,0.57040
0.13137,0.00869,0.57040
0.13137,0.00869,0.57040
0.13137,0.00869,0.57040
0.13137,0.00869,0.57040
0.13137,0.00869,0.57040
0.13137,0.00869,0.57040
0.13137,0.00869,0.57040
0.13137,0.00869,0.57040
0.13137,0.00869,0.57040
0.13137,0.00869,0.57040
0.13137,0.00869,0.57040
0.13137,0.00869,0.57040
0.13137,0.00869,0.57040
0.13137,0.00869,0.57040
0.13137,0.00869,0.57040
0.13137,0.00869,0.57040
0.13137,0.00869,0.57040
0.13137,0.00869,0.57040
0.13137,0.00869,0.57040
0.13137,0.00869,0.57040
0.13137,0.00869,0.57040
0.13137,0.00869,0.57040
0.13137,0.00869,0.57040
0.13137,0.00869,0.57040
0.13137,0.00869,0.57040
0.13137,0.00869,0.57040
0.13137,0.00869,0.57040
0.13137,0.00869,0.57040
0.13137,0.00869,0.57040
0.13137,0.00869,0.57040
0.13137,0.00869,0.57040
0.13137,0.00869,0.57040
0.13137,0.00869,0.57040
0.13137,0.00869,0.57040
0.13137,0.00869,0.57040
0.13137,0.00869,0.57040
0.13137,0.00869,0.57040
0.13137,0.00869,0.57040
0.13137,0.00869,0.57040
0.13137,0.00869,0.57040
0.13137,0.00869,0.57040
0.13137,0.00869,0.57040
0.13137,0.00869,0.57040
0.13137,0.00869,0.57040
0.13137,0.00869,0.57040
0.13137,0.00869,0.57040
0.13137,0.00869,0.57040
0.13137,0.00869,0.57040
0.13137,0.00869,0.57040
0.13137,0.00869,0.57040
0.13137,0.00869,0.57040
0.13137,0.00869,0.57040
0.13137,0.00869,0.57040
0.13137,0.00869,0.57040
0.13137,0.00869,0.57040
0.13137,0.00869,0.57040
0.13137,0.00869,0.57040
0.13137,0.00869,0.57040
0.13137,0.00869,0.57040
0.13137,0.00869,0.57040
0.13137,0.00869,0.57040
0.13137,0.00869,0.57040
0.13137,0.00869,0.57040
0.13137,0.00869,0.57040
0.13137,0.00869,0.57040
0.13137,0.00869,0.57040
0.13137,0.00869,0.57040
0.13137,0.00869,0.57040
0.13137,0.00869,0.57040
0.13137,0.00869,0.57040
0.13137,0.00869,0.57040
0.13137,0.00869,0.57040
0.13137,0.00869,0.57040
0.13137,0.00869,0.57040
0.13137,0.00869,0.57040
0.13137,0.00869,0.57040
0.13137,0.00869,0.57040
0.13137,0.00869,0.57040
0.13137,0.00869,0.57040
0.13137,0.00869,0.57040
0.13137,0.00869,0.57040
0.13137,0.00869,0.57040
0.13137,0.00869,0.57040
0.13137,0.00869,0.57040
0.13137,0.00869,0.57040
0.13137,0.00869,0.57040
0.13137,0.00869,0.57040
0.13137,0.00869,0.57040
0.13137,0.00869,0.57040
0.13137,0.00869,0.57040
0.13137,0.00869,0.57040
0.13137,0.00869,0.57040
0.13137,0.00869,0.57040
0.13137,0.00869,0.57040
0.13137,0.00869,0.57040
0.13137,0.00869,0.57040
0.13137,0.00869,0.57040
0.13137,0.00869,0.57040
0.13137,0.00869,0.57040
0.13137,0.00869,0.57040
0.13137,0.00869,0.57040
0.13137,0.00869,0.57040
0.13137,0.00869,0.57040
0.13137,0.00869,0.57040
0.13137,0.00869,0.57040
0.13137,0.00869,0.57040
0.13137,0.00869,0.57040
0.13137,0.00869,0.57040
0.13137,0.00869,0.57040
0.13137,0.00869,0.57040
0.13137,0.00869,0.57040
0.13137,0.00869,0.57040
0.13137,0.00869,0.57040
0.13137,0.00869,0.57040
0.13137,0.00869,0.57040
0.13137,0.00869,0.57040
0.13137,0.00869,0.57040
0.13137,0.00869,0.57040
0.13137,0.00869,0.57040
0.13137,0.00869,0.57040
0.13137,0.00869,0.57040
0.13137,0.00869,0.57040
0.13137,0.00869,0.57040
0.13137,0.00869,0.57040
0.13137,0.00869,0.57040
0.13137,0.00869,0.57040
0.13137,0.00869,0.57040
0.13137,0.00869,0.57040
0.13137,0.00869,0.57040
0.13137,0.00869,0.57040
0.13137,0.00869,0.57040
0.13137,0.00869,0.57040
0.13137,0.00869,0.57040
0.13137,0.00869,0.57040
0.13137,0.00869,0.57040
0.13137,0.00869,0.57040
0.13137,0.00869,0.57040
0.13137,0.00869,0.57040
0.13137,0.00869,0.57040
0.13137,0.00869,0.57040
0.13137,0.00869,0.57040
0.13137,0.00869,0.57040
0.13137,0.00869,0.57040
0.13137,0.00869,0.57040
0.13137,0.00869,0.57040
0.13137,0.00869,0.57040
0.13137,0.00869,0.57040
0.13137,0.00869,0.57040
0.13137,0.00869,0.57040
0.13137,0.00869,0.57040
0.13137,0.00869,0.57040
0.13137,0.00869,0.57040
0.13137,0.00869,0.57040
0.13137,0.00869,0.57040
0.13137,0.00869,0.57040
0.13137,0.00869,0.57040
0.13137,0.00869,0.57040
0.13137,0.00869,0.57040
0.13137,0.00869,0.57040
0.13137,0.00869,0.57040
0.13137,0.00869,0.57040
0.13137,0.00869,0.57040
0.13137,0.00869,0.57040
0.13137,0.00869,0.57040
0.13137,0.00869,0.57040
0.13137,0.00869,0.57040
0.13137,0.00869,0.57040
0.13137,0.00869,0.57040
0.13137,0.00869,0.57040
0.13137,0.00869,0.57040
0.13137,0.00869,0.57040
0.13137,0.00869,0.57040
0.13137,0.00869,0.57040
0.13137,0.00869,0.57040
0.13137,0.00869,0.57040
0.13137,0.00869,0.57040
0.13137,0.00869,0.57040
0.13137,0.00869,0.57040
0.13137,0.00869,0.57040
0.13137,0.00869,0.57040
0.13137,0.00869,0.57040
0.13137,0.00869,0.57040
0.13137,0.00869,0.57040
0.13137,0.00869,0.57040
0.13137,0.00869,0.57040
0.13137,0.00869,0.57040
0.13137,0.00869,0.57040
0.13137,0.00869,0.57040
0.13137,0.00869,0.57040
0.13137,0.00869,0.57040
0.13137,0.00869,0.57040
0.13137,0.00869,0.57040
0.13137,0.00869,0.57040
0.13137,0.00869,0.57040
0.13137,0.00869,0.57040
0.13137,0.00869,0.57040
0.13137,0.00869,0.57040
0.13137,0.00869,0.57040
0.13137,0.00869,0.57040
0.13137,0.00869,0.57040
0.13137,0.00869,0.57040
0.13137,0.00869,0.57040
0.13137,0.00869,0.57040
0.13137,0.00869,0.57040
0.13137,0.00869,0.57040
0.13137,0.00869,0.57040
0.13137,0.00869,0.57040
0.13137,0.00869,0.57040
0.13137,0.00869,0.57040
0.13137,0.00869,0.57040
0.13137,0.00869,0.57040
0.13137,0.00869,0.57040
0.13137,0.00869,0.57040
0.13137,0.00869,0.57040
0.13137,0.00869,0.57040
0.13137,0.00869,0.57040
0.13137,0.00869,0.57040
0.13137,0.00869,0.57040
0.13137,0.00869,0.57040
0.13137,0.00869,0.57040
0.13137,0.00869,0.57040
0.13137,0.00869,0.57040
0.13137,0.00869,0.57040
0.13137,0.00869,0.57040
0.13137,0.00869,0.57040
0.13137,0.00869,0.57040
0.13137,0.00869,0.57040
0.13137,0.00869,0.57040
0.13137,0.00869,0.57040
0.13137,0.00869,0.57040
0.13137,0.00869,0.57040
0.13137,0.00869,0.57040
0.13137,0.00869,0.57040
0.13137,0.00869,0.57040
0.13137,0.00869,0.57040
0.13137,0.00869,0.57040
0.13137,0.00869,0.57040
0.13137,0.00869,0.57040
0.13137,0.00869,0.57040
0.13137,0.00869,0.57040
0.13137,0.00869,0.57040
0.13137,0.00869,0.57040
0.13137,0.00869,0.57040
0.13137,0.00869,0.57040
0.13137,0.00869,0.57040
0.13137,0.00869,0.57040
0.13137,0.00869,0.57040
0.13137,0.00869,0.57040
0.13137,0.00869,0.57040
0.13137,0.00869,0.57040
0.13137,0.00869,0.57040
0.13137,0.00869,0.57040
0.13137,0.00869,0.57040
0.13137,0.00869,0.57040
0.13137,0.00869,0.57040
0.13137,0.00869,0.57040
0.13137,0.00869,0.57040
0.13137,0.00869,0.57040
0.13137,0.00869,0.57040
0.13137,0.00869,0.57040
0.13137,0.00869,0.57040
0.13137,0.00869,0.57040
0.13137,0.00869,0.57040
0.13137,0.00869,0.57040
0.13137,0.00869,0.57040
0.13137,0.00869,0.57040
0.13137,0.00869,0.57040
0.13137,0.00869,0.57040
0.13137,0.00869,0.57040
0.13137,0.00869,0.57040
0.13137,0.00869,0.57040
0.13137,0.00869,0.57040
0.13137,0.00869,0.57040
0.13137,0.00869,0.57040
0.13137,0.00869,0.57040
0.13137,0.00869,0.57040
0.13137,0.00869,0.57040
0.13137,0.00869,0.57040
0.13137,0.00869,0.57040
0.13137,0.00869,0.57040
0.13137,0.00869,0.57040
0.13137,0.00869,0.57040
0.13137,0.00869,0.57040
0.13137,0.00869,0.57040
0.13137,0.00869,0.57040
0.13137,0.00869,0.57040
0.13137,0.00869,0.57040
0.13137,0.00869,0.57040
0.13137,0.00869,0.57040
0.13137,0.00869,0.57040
0.13137,0.00869,0.57040
0.13137,0.00869,0.57040
0.13137,0.00869,0.57040
0.13137,0.00869,0.57040
0.13137,0.00869,0.57040
0.13137,0.00869,0.57040
0.13137,0.00869,0.57040
0.13137,0.00869,0.57040
0.13137,0.00869,0.57040
0.13137,0.00869,0.57040
0.13137,0.00869,0.57040
0.13137,0.00869,0.57040
0.13137,0.00869,0.57040
0.13137,0.00869,0.57040
0.13137,0.00869,0.57040
0.13137,0.00869,0.57040
0.13137,0.00869,0.57040
0.13137,0.00869,0.57040
0.13137,0.00869,0.57040
0.13137,0.00869,0.57040
0.13137,0.00869,0.57040
0.13137,0.00869,0.57040
0.13137,0.00869,0.57040
0.13137,0.00869,0.57040
0.13137,0.00869,0.57040
0.13137,0.00869,0.57040
0.13137,0.00869,0.57040
0.13137,0.00869,0.57040
0.13137,0.00869,0.57040
0.13137,0.00869,0.57040
0.13137,0.00869,0.57040
0.13137,0.00869,0.57040
0.13137,0.00869,0.57040
0.13137,0.00869,0.57040
0.13137,0.00869,0.57040
0.13137,0.00869,0.57040
0.13137,0.00869,0.57040
0.13137,0.00869,0.57040
0.13137,0.00869,0.57040
0.13137,0.00869,0.57040
0.13137,0.00869,0.57040
0.13137,0.00869,0.57040
0.13137,0.00869,0.57040
0.13137,0.00869,0.57040
0.13137,0.00869,0.57040
0.13137,0.00869,0.57040
0.13137,0.00869,0.57040
0.13137,0.00869,0.57040
0.13137,0.00869,0.57040
0.13137,0.00869,0.57040
0.13137,0.00869,0.57040
0.13137,0.00869,0.57040
0.13137,0.00869,0.57040
0.13137,0.00869,0.57040
0.13137,0.00869,0.57040
0.13137,0.00869,0.57040
0.13137,0.00869,0.57040
0.13137,0.00869,0.57040
0.13137,0.00869,0.57040
0.13137,0.00869,0.57040
0.13137,0.00869,0.57040
0.13137,0.00869,0.57040
0.13137,0.00869,0.57040
0.13137,0.00869,0.57040
0.13137,0.00869,0.57040
0.13137,0.00869,0.57040
0.13137,0.00869,0.57040
0.13137,0.00869,0.57040
0.13137,0.00869,0.57040
0.13137,0.00869,0.57040
0.13137,0.00869,0.57040
0.13137,0.00869,0.57040
0.13137,0.00869,0.57040
0.13137,0.00869,0.57040
0.13137,0.00869,0.57040
0.13137,0.00869,0.57040
0.13137,0.00869,0.57040
0.13137,0.00869,0.57040
0.13137,0.00869,0.57040
0.13137,0.00869,0.57040
0.13137,0.00869,0.57040
0.13137,0.00869,0.57040
0.13137,0.00869,0.57040
0.13137,0.00869,0.57040
0.13137,0.00869,0.57040
0.13137,0.00869,0.57040
0.13137,0.00869,0.57040
0.13137,0.00869,0.57040
0.13137,0.00869,0.57040
0.13137,0.00869,0.57040
0.15133,0.00997,0.57040
0.15133,0.00997,0.57040
0.15133,0.00997,0.57040
0.15133,0.00997,0.57040
0.15133,0.00997,0.57040
0.15133,0.00997,0.57040
0.15133,0.00997,0.57040
0.15133,0.00997,0.57040
0.15133,0.00997,0.57040
0.15133,0.00997,0.57040
0.15133,0.00997,0.57040
0.15133,0.00997,0.57040
0.15133,0.00997,0.57040
0.15133,0.00997,0.57040
0.15133,0.00997,0.57040
0.15133,0.00997,0.57040
0.15133,0.00997,0.57040
0.15133,0.00997,0.57040
0.15133,0.00997,0.57040
0.15133,0.00997,0.57040
0.15133,0.00997,0.57040
0.15133,0.00997,0.57040
0.15133,0.00997,0.57040
0.15133,0.00997,0.57040
0.15133,0.00997,0.57040
0.15133,0.00997,0.57040
0.15133,0.00997,0.57040
0.15133,0.00997,0.57040
0.15133,0.00997,0.57040
0.15133,0.00997,0.57040
0.15133,0.00997,0.57040
0.15133,0.00997,0.57040
0.15133,0.00997,0.57040
0.15133,0.00997,0.57040
0.15133,0.00997,0.57040
0.15133,0.00997,0.57040
0.15133,0.00997,0.57040
0.15133,0.00997,0.57040
0.15133,0.00997,0.57040
0.15133,0.00997,0.57040
0.15133,0.00997,0.57040
0.15133,0.00997,0.57040
0.15133,0.00997,0.57040
0.15133,0.00997,0.57040
0.15133,0.00997,0.57040
0.15133,0.00997,0.57040
0.15133,0.00997,0.57040
0.15133,0.00997,0.57040
0.15133,0.00997,0.57040
0.15133,0.00997,0.57040
0.15133,0.00997,0.57040
0.15133,0.00997,0.57040
0.15133,0.00997,0.57040
0.15133,0.00997,0.57040
0.15133,0.00997,0.57040
0.15133,0.00997,0.57040
0.15133,0.00997,0.57040
0.15133,0.00997,0.57040
0.15133,0.00997,0.57040
0.15133,0.00997,0.57040
0.15133,0.00997,0.57040
0.15133,0.00997,0.57040
0.15133,0.00997,0.57040
0.15133,0.00997,0.57040
0.15133,0.00997,0.57040
0.15133,0.00997,0.57040
0.15133,0.00997,0.57040
0.15133,0.00997,0.57040
0.15133,0.00997,0.57040
0.15133,0.00997,0.57040
0.15133,0.00997,0.57040
0.15133,0.00997,0.57040
0.15133,0.00997,0.57040
0.15133,0.00997,0.57040
0.15133,0.00997,0.57040
0.15133,0.00997,0.57040
0.15133,0.00997,0.57040
0.15133,0.00997,0.57040
0.15133,0.00997,0.57040
0.15133,0.00997,0.57040
0.15133,0.00997,0.57040
0.15133,0.00997,0.57040
0.15133,0.00997,0.57040
0.15133,0.00997,0.57040
0.15133,0.00997,0.57040
0.15133,0.00997,0.57040
0.15133,0.00997,0.57040
0.15133,0.00997,0.57040
0.15133,0.00997,0.57040
0.15133,0.00997,0.57040
0.15133,0.00997,0.57040
0.15133,0.00997,0.57040
0.15133,0.00997,0.57040
0.15133,0.00997,0.57040
0.15133,0.00997,0.57040
0.15133,0.00997,0.57040
0.15133,0.00997,0.57040
0.15133,0.00997,0.57040
0.15133,0.00997,0.57040
0.15133,0.00997,0.57040
0.15133,0.00997,0.57040
0.15133,0.00997,0.57040
0.15133,0.00997,0.57040
0.15133,0.00997,0.57040
0.15133,0.00997,0.57040
0.15133,0.00997,0.57040
0.15133,0.00997,0.57040
0.15133,0.00997,0.57040
0.15133,0.00997,0.57040
0.15133,0.00997,0.57040
0.15133,0.00997,0.57040
0.15133,0.00997,0.57040
0.15133,0.00997,0.57040
0.15133,0.00997,0.57040
0.15133,0.00997,0.57040
0.15133,0.00997,0.57040
0.15133,0.00997,0.57040
0.15133,0.00997,0.57040
0.15133,0.00997,0.57040
0.15133,0.00997,0.57040
0.15133,0.00997,0.57040
0.15133,0.00997,0.57040
0.15133,0.00997,0.57040
0.15133,0.00997,0.57040
0.15133,0.00997,0.57040
0.15133,0.00997,0.57040
0.15133,0.00997,0.57040
0.15133,0.00997,0.57040
0.15133,0.00997,0.57040
0.15133,0.00997,0.57040
0.15133,0.00997,0.57040
0.15133,0.00997,0.57040
0.15133,0.00997,0.57040
0.15133,0.00997,0.57040
0.15133,0.00997,0.57040
0.15133,0.00997,0.57040
0.15133,0.00997,0.57040
0.15133,0.00997,0.57040
0.15133,0.00997,0.57040
0.15133,0.00997,0.57040
0.15133,0.00997,0.57040
0.15133,0.00997,0.57040
0.15133,0.00997,0.57040
0.15133,0.00997,0.57040
0.15133,0.00997,0.57040
0.15133,0.00997,0.57040
0.15133,0.00997,0.57040
0.15133,0.00997,0.57040
0.15133,0.00997,0.57040
0.15133,0.00997,0.57040
0.15133,0.00997,0.57040
0.15133,0.00997,0.57040
0.15133,0.00997,0.57040
0.15133,0.00997,0.57040
0.15133,0.00997,0.57040
0.15133,0.00997,0.57040
0.15133,0.00997,0.57040
0.15133,0.00997,0.57040
0.15133,0.00997,0.57040
0.15133,0.00997,0.57040
0.15133,0.00997,0.57040
0.15133,0.00997,0.57040
0.15133,0.00997,0.57040
0.15133,0.00997,0.57040
0.15133,0.00997,0.57040
0.15133,0.00997,0.57040
0.15133,0.00997,0.57040
0.15133,0.00997,0.57040
0.15133,0.00997,0.57040
0.15133,0.00997,0.57040
0.15133,0.00997,0.57040
0.15133,0.00997,0.57040
0.15133,0.00997,0.57040
0.15133,0.00997,0.57040
0.15133,0.00997,0.57040
0.15133,0.00997,0.57040
0.15133,0.00997,0.57040
0.15133,0.00997,0.57040
0.15133,0.00997,0.57040
0.15133,0.00997,0.57040
0.15133,0.00997,0.57040
0.15133,0.00997,0.57040
0.15133,0.00997,0.57040
0.15133,0.00997,0.57040
0.15133,0.00997,0.57040
0.15133,0.00997,0.57040
0.15133,0.00997,0.57040
0.15133,0.00997,0.57040
0.15133,0.00997,0.57040
0.15133,0.00997,0.57040
0.15133,0.00997,0.57040
0.15133,0.00997,0.57040
0.15133,0.00997,0.57040
0.15133,0.00997,0.57040
0.15133,0.00997,0.57040
0.15133,0.00997,0.57040
0.15133,0.00997,0.57040
0.15133,0.00997,0.57040
0.15133,0.00997,0.57040
0.15133,0.00997,0.57040
0.15133,0.00997,0.57040
0.15133,0.00997,0.57040
0.15133,0.00997,0.57040
0.15133,0.00997,0.57040
0.15133,0.00997,0.57040
0.15133,0.00997,0.57040
0.15133,0.00997,0.57040
0.15133,0.00997,0.57040
0.15133,0.00997,0.57040
0.15133,0.00997,0.57040
0.15133,0.00997,0.57040
0.15133,0.00997,0.57040
0.15133,0.00997,0.57040
0.15133,0.00997,0.57040
0.15133,0.00997,0.57040
0.15133,0.00997,0.57040
0.15133,0.00997,0.57040
0.15133,0.00997,0.57040
0.15133,0.00997,0.57040
0.15133,0.00997,0.57040
0.15133,0.00997,0.57040
0.15133,0.00997,0.57040
0.15133,0.00997,0.57040
0.15133,0.00997,0.57040
0.15133,0.00997,0.57040
0.15133,0.00997,0.57040
0.15133,0.00997,0.57040
0.15133,0.00997,0.57040
0.15133,0.00997,0.57040
0.15133,0.00997,0.57040
0.15133,0.00997,0.57040
0.15133,0.00997,0.57040
0.15133,0.00997,0.57040
0.15133,0.00997,0.57040
0.15133,0.00997,0.57040
0.15133,0.00997,0.57040
0.15133,0.00997,0.57040
0.15133,0.00997,0.57040
0.15133,0.00997,0.57040
0.15133,0.00997,0.57040
0.15133,0.00997,0.57040
0.15133,0.00997,0.57040
0.15133,0.00997,0.57040
0.15133,0.00997,0.57040
0.15133,0.00997,0.57040
0.15133,0.00997,0.57040
0.15133,0.00997,0.57040
0.15133,0.00997,0.57040
0.15133,0.00997,0.57040
0.15133,0.00997,0.57040
0.15133,0.00997,0.57040
0.15133,0.00997,0.57040
0.15133,0.00997,0.57040
0.15133,0.00997,0.57040
0.15133,0.00997,0.57040
0.15133,0.00997,0.57040
0.15133,0.00997,0.57040
0.15133,0.00997,0.57040
0.15133,0.00997,0.57040
0.15133,0.00997,0.57040
0.15133,0.00997,0.57040
0.15133,0.00997,0.57040
0.15133,0.00997,0.57040
0.15133,0.00997,0.57040
0.15133,0.00997,0.57040
0.15133,0.00997,0.57040
0.15133,0.00997,0.57040
0.15133,0.00997,0.57040
0.15133,0.00997,0.57040
0.15133,0.00997,0.57040
0.15133,0.00997,0.57040
0.15133,0.00997,0.57040
0.15133,0.00997,0.57040
0.15133,0.00997,0.57040
0.15133,0.00997,0.57040
0.15133,0.00997,0.57040
0.15133,0.00997,0.57040
0.15133,0.00997,0.57040
0.15133,0.00997,0.57040
0.15133,0.00997,0.57040
0.15133,0.00997,0.57040
0.15133,0.00997,0.57040
0.15133,0.00997,0.57040
0.15133,0.00997,0.57040
0.15133,0.00997,0.57040
0.15133,0.00997,0.57040
0.15133,0.00997,0.57040
0.15133,0.00997,0.57040
0.15133,0.00997,0.57040
0.15133,0.00997,0.57040
0.15133,0.00997,0.57040
0.15133,0.00997,0.57040
0.15133,0.00997,0.57040
0.15133,0.00997,0.57040
0.15133,0.00997,0.57040
0.15133,0.00997,0.57040
0.15133,0.00997,0.57040
0.15133,0.00997,0.57040
0.15133,0.00997,0.57040
0.15133,0.00997,0.57040
0.15133,0.00997,0.57040
0.15133,0.00997,0.57040
0.15133,0.00997,0.57040
0.15133,0.00997,0.57040
0.15133,0.00997,0.57040
0.15133,0.00997,0.57040
0.15133,0.00997,0.57040
0.15133,0.00997,0.57040
0.15133,0.00997,0.57040
0.15133,0.00997,0.57040
0.15133,0.00997,0.57040
0.15133,0.00997,0.57040
0.15133,0.00997,0.57040
0.15133,0.00997,0.57040
0.15133,0.00997,0.57040
0.15133,0.00997,0.57040
0.15133,0.00997,0.57040
0.15133,0.00997,0.57040
0.15133,0.00997,0.57040
0.15133,0.00997,0.57040
0.15133,0.00997,0.57040
0.15133,0.00997,0.57040
0.15133,0.00997,0.57040
0.15133,0.00997,0.57040
0.15133,0.00997,0.57040
0.15133,0.00997,0.57040
0.15133,0.00997,0.57040
0.15133,0.00997,0.57040
0.15133,0.00997,0.57040
0.15133,0.00997,0.57040
0.15133,0.00997,0.57040
0.15133,0.00997,0.57040
0.15133,0.00997,0.57040
0.15133,0.00997,0.57040
0.15133,0.00997,0.57040
0.15133,0.00997,0.57040
0.15133,0.00997,0.57040
0.15133,0.00997,0.57040
0.15133,0.00997,0.57040
0.15133,0.00997,0.57040
0.15133,0.00997,0.57040
0.15133,0.00997,0.57040
0.15133,0.00997,0.57040
0.15133,0.00997,0.57040
0.15133,0.00997,0.57040
0.15133,0.00997,0.57040
0.15133,0.00997,0.57040
0.15133,0.00997,0.57040
0.15133,0.00997,0.57040
0.15133,0.00997,0.57040
0.15133,0.00997,0.57040
0.15133,0.00997,0.57040
0.15133,0.00997,0.57040
0.15133,0.00997,0.57040
0.15133,0.00997,0.57040
0.15133,0.00997,0.57040
0.15133,0.00997,0.57040
0.15133,0.00997,0.57040
0.15133,0.00997,0.57040
0.15133,0.00997,0.57040
0.15133,0.00997,0.57040
0.15133,0.00997,0.57040
0.15133,0.00997,0.57040
0.15133,0.00997,0.57040
0.15133,0.00997,0.57040
0.15133,0.00997,0.57040
0.15133,0.00997,0.57040
0.15133,0.00997,0.57040
0.15133,0.00997,0.57040
0.15133,0.00997,0.57040
0.15133,0.00997,0.57040
0.15133,0.00997,0.57040
0.15133,0.00997,0.57040
0.15133,0.00997,0.57040
0.15133,0.00997,0.57040
0.15133,0.00997,0.57040
0.15133,0.00997,0.57040
0.15133,0.00997,0.57040
0.15133,0.00997,0.57040
0.15133,0.00997,0.57040
0.15133,0.00997,0.57040
0.15133,0.00997,0.57040
0.15133,0.00997,0.57040
0.15133,0.00997,0.57040
0.15133,0.00997,0.57040
0.15133,0.00997,0.57040
0.15133,0.00997,0.57040
0.15133,0.00997,0.57040
0.15133,0.00997,0.57040
0.15133,0.00997,0.57040
0.15133,0.00997,0.57040
0.15133,0.00997,0.57040
0.15133,0.00997,0.57040
0.15133,0.00997,0.57040
0.15133,0.00997,0.57040
0.15133,0.00997,0.57040
0.15133,0.00997,0.57040
0.15133,0.00997,0.57040
0.15133,0.00997,0.57040
0.15133,0.00997,0.57040
0.15133,0.00997,0.57040
0.15133,0.00997,0.57040
0.15133,0.00997,0.57040
0.15133,0.00997,0.57040
0.15133,0.00997,0.57040
0.15133,0.00997,0.57040
0.15133,0.00997,0.57040
0.15133,0.00997,0.57040
0.15133,0.00997,0.57040
0.15133,0.00997,0.57040
0.15133,0.00997,0.57040
0.15133,0.00997,0.57040
0.15133,0.00997,0.57040
0.15133,0.00997,0.57040
0.15133,0.00997,0.57040
0.15133,0.00997,0.57040
0.15133,0.00997,0.57040
0.15133,0.00997,0.57040
0.15133,0.00997,0.57040
0.15133,0.00997,0.57040
0.15133,0.00997,0.57040
0.15133,0.00997,0.57040
0.15133,0.00997,0.57040
0.15133,0.00997,0.57040
0.15133,0.00997,0.57040
0.15133,0.00997,0.57040
0.15133,0.00997,0.57040
0.15133,0.00997,0.57040
0.15133,0.00997,0.57040
0.15133,0.00997,0.57040
0.15133,0.00997,0.57040
0.15133,0.00997,0.57040
0.15133,0.00997,0.57040
0.15133,0.00997,0.57040
0.15133,0.00997,0.57040
0.15133,0.00997,0.57040
0.15133,0.00997,0.57040
0.15133,0.00997,0.57040
0.15133,0.00997,0.57040
0.15133,0.00997,0.57040
0.15133,0.00997,0.57040
0.15133,0.00997,0.57040
0.15133,0.00997,0.57040
0.15133,0.00997,0.57040
0.15133,0.00997,0.57040
0.15133,0.00997,0.57040
0.15133,0.00997,0.57040
0.15133,0.00997,0.57040
0.15133,0.00997,0.57040
0.15133,0.00997,0.57040
0.15133,0.00997,0.57040
0.15133,0.00997,0.57040
0.15133,0.00997,0.57040
0.15133,0.00997,0.57040
0.15133,0.00997,0.57040
0.15133,0.00997,0.57040
0.15133,0.00997,0.57040
0.15133,0.00997,0.57040
0.15133,0.00997,0.57040
0.15133,0.00997,0.57040
0.15133,0.00997,0.57040
0.15133,0.00997,0.57040
0.15133,0.00997,0.57040
0.15133,0.00997,0.57040
0.15133,0.00997,0.57040
0.15133,0.00997,0.57040
0.15133,0.00997,0.57040
0.15133,0.00997,0.57040
0.15133,0.00997,0.57040
0.15133,0.00997,0.57040
0.15133,0.00997,0.57040
0.15133,0.00997,0.57040
0.15133,0.00997,0.57040
0.15133,0.00997,0.57040
0.15133,0.00997,0.57040
0.15133,0.00997,0.57040
0.15133,0.00997,0.57040
0.15133,0.00997,0.57040
0.15133,0.00997,0.57040
0.15133,0.00997,0.57040
0.15133,0.00997,0.57040
0.15133,0.00997,0.57040
0.15133,0.00997,0.57040
0.15133,0.00997,0.57040
0.15133,0.00997,0.57040
0.15133,0.00997,0.57040
0.15133,0.00997,0.57040
0.15133,0.00997,0.57040
0.15133,0.00997,0.57040
0.15133,0.00997,0.57040
0.15133,0.00997,0.57040
0.15133,0.00997,0.57040
0.15133,0.00997,0.57040
0.15133,0.00997,0.57040
0.15133,0.00997,0.57040
0.15133,0.00997,0.57040
0.15133,0.00997,0.57040
0.15133,0.00997,0.57040
0.15133,0.00997,0.57040
0.15133,0.00997,0.57040
0.15133,0.00997,0.57040
0.15133,0.00997,0.57040
0.15133,0.00997,0.57040
0.15133,0.00997,0.57040
0.15133,0.00997,0.57040
0.15133,0.00997,0.57040
0.15133,0.00997,0.57040
0.15133,0.00997,0.57040
0.15133,0.00997,0.57040
0.15133,0.00997,0.57040
0.15133,0.00997,0.57040
0.15133,0.00997,0.57040
0.15133,0.00997,0.57040
0.15133,0.00997,0.57040
0.15133,0.00997,0.57040
0.15133,0.00997,0.57040
0.15133,0.00997,0.57040
0.15133,0.00997,0.57040
0.15133,0.00997,0.57040
0.15133,0.00997,0.57040
0.15133,0.00997,0.57040
0.15133,0.00997,0.57040
0.15133,0.00997,0.57040
0.15133,0.00997,0.57040
0.15133,0.00997,0.57040
0.15133,0.00997,0.57040
0.15133,0.00997,0.57040
0.15133,0.00997,0.57040
0.15133,0.00997,0.57040
0.15133,0.00997,0.57040
0.15133,0.00997,0.57040
0.15133,0.00997,0.57040
0.15133,0.00997,0.57040
0.15133,0.00997,0.57040
0.15133,0.00997,0.57040
0.15133,0.00997,0.57040
0.15133,0.00997,0.57040
0.15133,0.00997,0.57040
0.15133,0.00997,0.57040
0.15133,0.00997,0.57040
0.15133,0.00997,0.57040
0.15133,0.00997,0.57040
0.15133,0.00997,0.57040
0.15133,0.00997,0.57040
0.15133,0.00997,0.57040
0.15133,0.00997,0.57040
0.15133,0.00997,0.57040
0.15133,0.00997,0.57040
0.15133,0.00997,0.57040
0.15133,0.00997,0.57040
0.15133,0.00997,0.57040
0.15133,0.00997,0.57040
0.15133,0.00997,0.57040
0.15133,0.00997,0.57040
0.15133,0.00997,0.57040
0.15133,0.00997,0.57040
0.15133,0.00997,0.57040
0.15133,0.00997,0.57040
0.15133,0.00997,0.57040
0.15133,0.00997,0.57040
0.15133,0.00997,0.57040
0.15133,0.00997,0.57040
0.15133,0.00997,0.57040
0.15133,0.00997,0.57040
0.15133,0.00997,0.57040
0.15133,0.00997,0.57040
0.15133,0.00997,0.57040
0.15133,0.00997,0.57040
0.15133,0.00997,0.57040
0.15133,0.00997,0.57040
0.15133,0.00997,0.57040
0.15133,0.00997,0.57040
0.15133,0.00997,0.57040
0.15133,0.00997,0.57040
0.15133,0.00997,0.57040
0.15133,0.00997,0.57040
0.15133,0.00997,0.57040
0.15133,0.00997,0.57040
0.15133,0.00997,0.57040
0.15133,0.00997,0.57040
0.15133,0.00997,0.57040
0.15133,0.00997,0.57040
0.15133,0.00997,0.57040
0.15133,0.00997,0.57040
0.15133,0.00997,0.57040
0.15133,0.00997,0.57040
0.15133,0.00997,0.57040
0.15133,0.00997,0.57040
0.15133,0.00997,0.57040
0.15133,0.00997,0.57040
0.15133,0.00997,0.57040
0.15133,0.00997,0.57040
0.15133,0.00997,0.57040
0.15133,0.00997,0.57040
0.15133,0.00997,0.57040
0.15133,0.00997,0.57040
0.15133,0.00997,0.57040
0.15133,0.00997,0.57040
0.15133,0.00997,0.57040
0.15133,0.00997,0.57040
0.15133,0.00997,0.57040
0.15133,0.00997,0.57040
0.15133,0.00997,0.57040
0.15133,0.00997,0.57040
0.15133,0.00997,0.57040
0.15133,0.00997,0.57040
0.15133,0.00997,0.57040
0.15133,0.00997,0.57040
0.15133,0.00997,0.57040
0.15133,0.00997,0.57040
0.15133,0.00997,0.57040
0.15133,0.00997,0.57040
0.15133,0.00997,0.57040
0.15133,0.00997,0.57040
0.15133,0.00997,0.57040
0.15133,0.00997,0.57040
0.15133,0.00997,0.57040
0.15133,0.00997,0.57040
0.15133,0.00997,0.57040
0.15133,0.00997,0.57040
0.15133,0.00997,0.57040
0.15133,0.00997,0.57040
0.15133,0.00997,0.57040
0.15133,0.00997,0.57040
0.15133,0.00997,0.57040
0.15133,0.00997,0.57040
0.15133,0.00997,0.57040
0.15133,0.00997,0.57040
0.15133,0.00997,0.57040
0.15133,0.00997,0.57040
0.15133,0.00997,0.57040
0.15133,0.00997,0.57040
0.15133,0.00997,0.57040
0.15133,0.00997,0.57040
0.15133,0.00997,0.57040
0.15133,0.00997,0.57040
0.15133,0.00997,0.57040
0.15133,0.00997,0.57040
0.15133,0.00997,0.57040
0.15133,0.00997,0.57040
0.15133,0.00997,0.57040
0.15133,0.00997,0.57040
0.15133,0.00997,0.57040
0.15133,0.00997,0.57040
0.15133,0.00997,0.57040
0.15133,0.00997,0.57040
0.15133,0.00997,0.57040
0.15133,0.00997,0.57040
0.15133,0.00997,0.57040
0.15133,0.00997,0.57040
0.15133,0.00997,0.57040
0.15133,0.00997,0.57040
0.15133,0.00997,0.57040
0.15133,0.00997,0.57040
0.15133,0.00997,0.57040
0.15133,0.00997,0.57040
0.15133,0.00997,0.57040
0.15133,0.00997,0.57040
0.15133,0.00997,0.57040
0.15133,0.00997,0.57040
0.15133,0.00997,0.57040
0.15133,0.00997,0.57040
0.15133,0.00997,0.57040
0.15133,0.00997,0.57040
0.15133,0.00997,0.57040
0.15133,0.00997,0.57040
0.15133,0.00997,0.57040
0.15133,0.00997,0.57040
0.15133,0.00997,0.57040
0.15133,0.00997,0.57040
0.15133,0.00997,0.57040
0.15133,0.00997,0.57040
0.15133,0.00997,0.57040
0.15133,0.00997,0.57040
0.15133,0.00997,0.57040
0.15133,0.00997,0.57040
0.15133,0.00997,0.57040
0.15133,0.00997,0.57040
0.15133,0.00997,0.57040
0.15133,0.00997,0.57040
0.15133,0.00997,0.57040
0.15133,0.00997,0.57040
0.15133,0.00997,0.57040
0.15133,0.00997,0.57040
0.15133,0.00997,0.57040
0.15133,0.00997,0.57040
0.15133,0.00997,0.57040
0.15133,0.00997,0.57040
0.15133,0.00997,0.57040
0.15133,0.00997,0.57040
0.15133,0.00997,0.57040
0.15133,0.00997,0.57040
0.15133,0.00997,0.57040
0.15133,0.00997,0.57040
0.15133,0.00997,0.57040
0.15133,0.00997,0.57040
0.15133,0.00997,0.57040
0.15133,0.00997,0.57040
0.15133,0.00997,0.57040
0.15133,0.00997,0.57040
0.15133,0.00997,0.57040
0.15133,0.00997,0.57040
0.15133,0.00997,0.57040
0.15133,0.00997,0.57040
0.15133,0.00997,0.57040
0.15133,0.00997,0.57040
0.15133,0.00997,0.57040
0.15133,0.00997,0.57040
0.15133,0.00997,0.57040
0.15133,0.00997,0.57040
0.15133,0.00997,0.57040
0.15133,0.00997,0.57040
0.15133,0.00997,0.57040
0.15133,0.00997,0.57040
0.15133,0.00997,0.57040
0.15133,0.00997,0.57040
0.15133,0.00997,0.57040
0.15133,0.00997,0.57040
0.15133,0.00997,0.57040
0.15133,0.00997,0.57040
0.15133,0.00997,0.57040
0.15133,0.00997,0.57040
0.15133,0.00997,0.57040
0.15133,0.00997,0.57040
0.15133,0.00997,0.57040
0.15133,0.00997,0.57040
0.15133,0.00997,0.57040
0.15133,0.00997,0.57040
0.15133,0.00997,0.57040
0.15133,0.00997,0.57040
0.15133,0.00997,0.57040
0.15133,0.00997,0.57040
0.15133,0.00997,0.57040
0.15133,0.00997,0.57040
0.15133,0.00997,0.57040
0.15133,0.00997,0.57040
0.15133,0.00997,0.57040
0.15133,0.00997,0.57040
0.15133,0.00997,0.57040
0.15133,0.00997,0.57040
0.15133,0.00997,0.57040
0.15133,0.00997,0.57040
0.15133,0.00997,0.57040
0.15133,0.00997,0.57040
0.15133,0.00997,0.57040
0.15133,0.00997,0.57040
0.15133,0.00997,0.57040
0.15133,0.00997,0.57040
0.15133,0.00997,0.57040
0.15133,0.00997,0.57040
0.15133,0.00997,0.57040
0.15133,0.00997,0.57040
0.15133,0.00997,0.57040
0.15133,0.00997,0.57040
0.15133,0.00997,0.57040
0.15133,0.00997,0.57040
0.15133,0.00997,0.57040
0.15133,0.00997,0.57040
0.15133,0.00997,0.57040
0.15133,0.00997,0.57040
0.15133,0.00997,0.57040
0.15133,0.00997,0.57040
0.15133,0.00997,0.57040
0.15133,0.00997,0.57040
0.15133,0.00997,0.57040
0.15133,0.00997,0.57040
0.15133,0.00997,0.57040
0.15133,0.00997,0.57040
0.15133,0.00997,0.57040
0.15133,0.00997,0.57040
0.15133,0.00997,0.57040
0.15133,0.00997,0.57040
0.15133,0.00997,0.57040
0.15133,0.00997,0.57040
0.15133,0.00997,0.57040
0.15133,0.00997,0.57040
0.15133,0.00997,0.57040
0.15133,0.00997,0.57040
0.15133,0.00997,0.57040
0.15133,0.00997,0.57040
0.15133,0.00997,0.57040
0.15133,0.00997,0.57040
0.15133,0.00997,0.57040
0.15133,0.00997,0.57040
0.15133,0.00997,0.57040
0.15133,0.00997,0.57040
0.15133,0.00997,0.57040
0.15133,0.00997,0.57040
0.15133,0.00997,0.57040
0.15133,0.00997,0.57040
0.15133,0.00997,0.57040
0.15133,0.00997,0.57040
0.15133,0.00997,0.57040
0.15133,0.00997,0.57040
0.15133,0.00997,0.57040
0.15133,0.00997,0.57040
0.15133,0.00997,0.57040
0.15133,0.00997,0.57040
0.15133,0.00997,0.57040
0.15133,0.00997,0.57040
0.15133,0.00997,0.57040
0.15133,0.00997,0.57040
0.15133,0.00997,0.57040
0.15133,0.00997,0.57040
0.15133,0.00997,0.57040
0.15133,0.00997,0.57040
0.15133,0.00997,0.57040
0.15133,0.00997,0.57040
0.15133,0.00997,0.57040
0.15133,0.00997,0.57040
0.15133,0.00997,0.57040
0.15133,0.00997,0.57040
0.15133,0.00997,0.57040
0.15133,0.00997,0.57040
0.15133,0.00997,0.57040
0.15133,0.00997,0.57040
0.15133,0.00997,0.57040
0.15133,0.00997,0.57040
0.15133,0.00997,0.57040
0.15133,0.00997,0.57040
0.15133,0.00997,0.57040
0.15133,0.00997,0.57040
0.15133,0.00997,0.57040
0.15133,0.00997,0.57040
0.15133,0.00997,0.57040
0.15133,0.00997,0.57040
0.15133,0.00997,0.57040
0.15133,0.00997,0.57040
0.15133,0.00997,0.57040
0.15133,0.00997,0.57040
0.15133,0.00997,0.57040
0.15133,0.00997,0.57040
0.15133,0.00997,0.57040
0.15133,0.00997,0.57040
0.15133,0.00997,0.57040
0.15133,0.00997,0.57040
0.15133,0.00997,0.57040
0.15133,0.00997,0.57040
0.15133,0.00997,0.57040
0.15133,0.00997,0.57040
0.15133,0.00997,0.57040
0.15133,0.00997,0.57040
0.15133,0.00997,0.57040
0.15133,0.00997,0.57040
0.15133,0.00997,0.57040
0.15133,0.00997,0.57040
0.15133,0.00997,0.57040
0.15133,0.00997,0.57040
0.15133,0.00997,0.57040
0.15133,0.00997,0.57040
0.15133,0.00997,0.57040
0.15133,0.00997,0.57040
0.15133,0.00997,0.57040
0.15133,0.00997,0.57040
0.15133,0.00997,0.57040
0.15133,0.00997,0.57040
0.15133,0.00997,0.57040
0.15133,0.00997,0.57040
0.15133,0.00997,0.57040
0.15133,0.00997,0.57040
0.15133,0.00997,0.57040
0.15133,0.00997,0.57040
0.15133,0.00997,0.57040
0.15133,0.00997,0.57040
0.15133,0.00997,0.57040
0.15133,0.00997,0.57040
0.15133,0.00997,0.57040
0.15133,0.00997,0.57040
0.15133,0.00997,0.57040
0.15133,0.00997,0.57040
0.15133,0.00997,0.57040
0.15133,0.00997,0.57040
0.15133,0.00997,0.57040
0.15133,0.00997,0.57040
0.15133,0.00997,0.57040
0.15133,0.00997,0.57040
0.15133,0.00997,0.57040
0.15133,0.00997,0.57040
0.15133,0.00997,0.57040
0.15133,0.00997,0.57040
0.15133,0.00997,0.57040
0.15133,0.00997,0.57040
0.15133,0.00997,0.57040
0.15133,0.00997,0.57040
0.15133,0.00997,0.57040
0.15133,0.00997,0.57040
0.15133,0.00997,0.57040
0.15133,0.00997,0.57040
0.15133,0.00997,0.57040
0.15133,0.00997,0.57040
0.15133,0.00997,0.57040
0.15133,0.00997,0.57040
0.15133,0.00997,0.57040
0.15133,0.00997,0.57040
0.15133,0.00997,0.57040
0.15133,0.00997,0.57040
0.15133,0.00997,0.57040
0.15133,0.00997,0.57040
0.15133,0.00997,0.57040
0.15133,0.00997,0.57040
0.15133,0.00997,0.57040
0.15133,0.00997,0.57040
0.15133,0.00997,0.57040
0.15133,0.00997,0.57040
0.15133,0.00997,0.57040
0.15133,0.00997,0.57040
0.15133,0.00997,0.57040
0.15133,0.00997,0.57040
0.15133,0.00997,0.57040
0.15133,0.00997,0.57040
0.15133,0.00997,0.57040
0.15133,0.00997,0.57040
0.15133,0.00997,0.57040
0.15133,0.00997,0.57040
0.15133,0.00997,0.57040
0.15133,0.00997,0.57040
0.15133,0.00997,0.57040
0.15133,0.00997,0.57040
0.15133,0.00997,0.57040
0.15133,0.00997,0.57040
0.15133,0.00997,0.57040
0.15133,0.00997,0.57040
0.15133,0.00997,0.57040
0.15133,0.00997,0.57040
0.15133,0.00997,0.57040
0.15133,0.00997,0.57040
0.15133,0.00997,0.57040
0.15133,0.00997,0.57040
0.15133,0.00997,0.57040
0.15133,0.00997,0.57040
0.15133,0.00997,0.57040
0.15133,0.00997,0.57040
0.15133,0.00997,0.57040
0.15133,0.00997,0.57040
0.15133,0.00997,0.57040
0.15133,0.00997,0.57040
0.15133,0.00997,0.57040
0.15133,0.00997,0.57040
0.15133,0.00997,0.57040
0.15133,0.00997,0.57040
0.15133,0.00997,0.57040
0.15133,0.00997,0.57040
0.15133,0.00997,0.57040
0.15133,0.00997,0.57040
0.15133,0.00997,0.57040
0.15133,0.00997,0.57040
0.15133,0.00997,0.57040
0.15133,0.00997,0.57040
0.15133,0.00997,0.57040
0.15133,0.00997,0.57040
0.15133,0.00997,0.57040
0.15133,0.00997,0.57040
0.15133,0.00997,0.57040
0.15133,0.00997,0.57040
0.15133,0.00997,0.57040
0.15133,0.00997,0.57040
0.15133,0.00997,0.57040
0.15133,0.00997,0.57040
0.15133,0.00997,0.57040
0.15133,0.00997,0.57040
0.15133,0.00997,0.57040
0.15133,0.00997,0.57040
0.15133,0.00997,0.57040
0.15133,0.00997,0.57040
0.15133,0.00997,0.57040
0.15133,0.00997,0.57040
0.15133,0.00997,0.57040
0.15133,0.00997,0.57040
0.15133,0.00997,0.57040
0.15133,0.00997,0.57040
0.15133,0.00997,0.57040
0.15133,0.00997,0.57040
0.15133,0.00997,0.57040
0.15133,0.00997,0.57040
0.15133,0.00997,0.57040
0.15133,0.00997,0.57040
0.15133,0.00997,0.57040
0.15133,0.00997,0.57040
0.15133,0.00997,0.57040
0.15133,0.00997,0.57040
0.15133,0.00997,0.57040
0.15133,0.00997,0.57040
0.15133,0.00997,0.57040
0.15133,0.00997,0.57040
0.15133,0.00997,0.57040
0.15133,0.00997,0.57040
0.15133,0.00997,0.57040
0.15133,0.00997,0.57040
0.15133,0.00997,0.57040
0.15133,0.00997,0.57040
0.15133,0.00997,0.57040
0.15133,0.00997,0.57040
0.15133,0.00997,0.57040
0.15133,0.00997,0.57040
0.15133,0.00997,0.57040
0.15133,0.00997,0.57040
0.15133,0.00997,0.57040
0.15133,0.00997,0.57040
0.15133,0.00997,0.57040
0.15133,0.00997,0.57040
0.15133,0.00997,0.57040
0.15133,0.00997,0.57040
0.15133,0.00997,0.57040
0.15133,0.00997,0.57040
0.15133,0.00997,0.57040
0.15133,0.00997,0.57040
0.15133,0.00997,0.57040
0.15133,0.00997,0.57040
0.15133,0.00997,0.57040
0.15133,0.00997,0.57040
0.15133,0.00997,0.57040
0.15133,0.00997,0.57040
0.15133,0.00997,0.57040
0.15133,0.00997,0.57040
0.15133,0.00997,0.57040
0.15133,0.00997,0.57040
0.15133,0.00997,0.57040
0.15133,0.00997,0.57040
0.15133,0.00997,0.57040
0.15133,0.00997,0.57040
0.15133,0.00997,0.57040
0.15133,0.00997,0.57040
0.15133,0.00997,0.57040
0.15133,0.00997,0.57040
0.15133,0.00997,0.57040
0.15133,0.00997,0.57040
0.15133,0.00997,0.57040
0.15133,0.00997,0.57040
0.15133,0.00997,0.57040
0.15133,0.00997,0.57040
0.15133,0.00997,0.57040
0.15133,0.00997,0.57040
0.15133,0.00997,0.57040
0.15133,0.00997,0.57040
0.15133,0.00997,0.57040
0.15133,0.00997,0.57040
0.15133,0.00997,0.57040
0.15133,0.00997,0.57040
0.15133,0.00997,0.57040
0.15133,0.00997,0.57040
0.15133,0.00997,0.57040
0.15133,0.00997,0.57040
0.15133,0.00997,0.57040
0.15133,0.00997,0.57040
0.15133,0.00997,0.57040
0.15133,0.00997,0.57040
0.15133,0.00997,0.57040
0.15133,0.00997,0.57040
0.15133,0.00997,0.57040
0.15133,0.00997,0.57040
0.15133,0.00997,0.57040
0.15133,0.00997,0.57040
0.15133,0.00997,0.57040
0.15133,0.00997,0.57040
0.15133,0.00997,0.57040
0.15133,0.00997,0.57040
0.15133,0.00997,0.57040
0.15133,0.00997,0.57040
0.15133,0.00997,0.57040
0.15133,0.00997,0.57040
0.15133,0.00997,0.57040
0.15133,0.00997,0.57040
0.15133,0.00997,0.57040
0.15133,0.00997,0.57040
0.15133,0.00997,0.57040
0.15133,0.00997,0.57040
0.15133,0.00997,0.57040
0.15133,0.00997,0.57040
0.15133,0.00997,0.57040
0.15133,0.00997,0.57040
0.15133,0.00997,0.57040
0.15133,0.00997,0.57040
0.15133,0.00997,0.57040
0.15133,0.00997,0.57040
0.15133,0.00997,0.57040
0.15133,0.00997,0.57040
0.15133,0.00997,0.57040
0.15133,0.00997,0.57040
0.15133,0.00997,0.57040
0.15133,0.00997,0.57040
0.15133,0.00997,0.57040
0.15133,0.00997,0.57040
0.15133,0.00997,0.57040
0.15133,0.00997,0.57040
0.15133,0.00997,0.57040
0.15133,0.00997,0.57040
0.15133,0.00997,0.57040
0.15133,0.00997,0.57040
0.15133,0.00997,0.57040
0.15133,0.00997,0.57040
0.15133,0.00997,0.57040
0.15133,0.00997,0.57040
0.15133,0.00997,0.57040
0.15133,0.00997,0.57040
0.15133,0.00997,0.57040
0.15133,0.00997,0.57040
0.15133,0.00997,0.57040
0.15133,0.00997,0.57040
0.15133,0.00997,0.57040
0.15133,0.00997,0.57040
0.15133,0.00997,0.57040
0.15133,0.00997,0.57040
0.15133,0.00997,0.57040
0.15133,0.00997,0.57040
0.15133,0.00997,0.57040
0.15133,0.00997,0.57040
0.15133,0.00997,0.57040
0.15133,0.00997,0.57040
0.15133,0.00997,0.57040
0.15133,0.00997,0.57040
0.15133,0.00997,0.57040
0.15133,0.00997,0.57040
0.15133,0.00997,0.57040
0.15133,0.00997,0.57040
0.15133,0.00997,0.57040
0.15133,0.00997,0.57040
0.15133,0.00997,0.57040
0.15133,0.00997,0.57040
0.15133,0.00997,0.57040
0.15133,0.00997,0.57040
0.15133,0.00997,0.57040
0.15133,0.00997,0.57040
0.15133,0.00997,0.57040
0.15133,0.00997,0.57040
0.15133,0.00997,0.57040
0.15133,0.00997,0.57040
0.15133,0.00997,0.57040
0.15133,0.00997,0.57040
0.15133,0.00997,0.57040
0.15133,0.00997,0.57040
0.15133,0.00997,0.57040
0.15133,0.00997,0.57040
0.15133,0.00997,0.57040
0.15133,0.00997,0.57040
0.15133,0.00997,0.57040
0.15133,0.00997,0.57040
0.15133,0.00997,0.57040
0.15133,0.00997,0.57040
0.15133,0.00997,0.57040
0.15133,0.00997,0.57040
0.15133,0.00997,0.57040
0.15133,0.00997,0.57040
0.15133,0.00997,0.57040
0.15133,0.00997,0.57040
0.15133,0.00997,0.57040
0.15133,0.00997,0.57040
0.15133,0.00997,0.57040
0.15133,0.00997,0.57040
0.15133,0.00997,0.57040
0.15133,0.00997,0.57040
0.15133,0.00997,0.57040
0.15133,0.00997,0.57040
0.15133,0.00997,0.57040
0.15133,0.00997,0.57040
0.15133,0.00997,0.57040
0.15133,0.00997,0.57040
0.15133,0.00997,0.57040
0.15133,0.00997,0.57040
0.15133,0.00997,0.57040
0.15133,0.00997,0.57040
0.15133,0.00997,0.57040
0.15133,0.00997,0.57040
0.15133,0.00997,0.57040
0.15133,0.00997,0.57040
0.15133,0.00997,0.57040
0.15133,0.00997,0.57040
0.15133,0.00997,0.57040
0.15133,0.00997,0.57040
0.15133,0.00997,0.57040
0.15133,0.00997,0.57040
0.15133,0.00997,0.57040
0.15133,0.00997,0.57040
0.15133,0.00997,0.57040
0.15133,0.00997,0.57040
0.15133,0.00997,0.57040
0.15133,0.00997,0.57040
0.15133,0.00997,0.57040
0.15133,0.00997,0.57040
0.15133,0.00997,0.57040
0.15133,0.00997,0.57040
0.15133,0.00997,0.57040
0.15133,0.00997,0.57040
0.15133,0.00997,0.57040
0.15133,0.00997,0.57040
0.15133,0.00997,0.57040
0.15133,0.00997,0.57040
0.15133,0.00997,0.57040
0.15133,0.00997,0.57040
0.15133,0.00997,0.57040
0.15133,0.00997,0.57040
0.15133,0.00997,0.57040
0.15133,0.00997,0.57040
0.15133,0.00997,0.57040
0.15133,0.00997,0.57040
0.15133,0.00997,0.57040
0.15133,0.00997,0.57040
0.15133,0.00997,0.57040
0.15133,0.00997,0.57040
0.15133,0.00997,0.57040
0.15133,0.00997,0.57040
0.15133,0.00997,0.57040
0.15133,0.00997,0.57040
0.15133,0.00997,0.57040
0.15133,0.00997,0.57040
0.15133,0.00997,0.57040
0.15133,0.00997,0.57040
0.15133,0.00997,0.57040
0.15133,0.00997,0.57040
0.15133,0.00997,0.57040
0.15133,0.00997,0.57040
0.15133,0.00997,0.57040
0.15133,0.00997,0.57040
0.15133,0.00997,0.57040
0.15133,0.00997,0.57040
0.15133,0.00997,0.57040
0.15133,0.00997,0.57040
0.15133,0.00997,0.57040
0.15133,0.00997,0.57040
0.15133,0.00997,0.57040
0.15133,0.00997,0.57040
0.15133,0.00997,0.57040
0.15133,0.00997,0.57040
0.15133,0.00997,0.57040
0.15133,0.00997,0.57040
0.15133,0.00997,0.57040
0.15133,0.00997,0.57040
0.15133,0.00997,0.57040
0.15133,0.00997,0.57040
0.15133,0.00997,0.57040
0.15133,0.00997,0.57040
0.15133,0.00997,0.57040
0.15133,0.00997,0.57040
0.15133,0.00997,0.57040
0.15133,0.00997,0.57040
0.15133,0.00997,0.57040
0.15133,0.00997,0.57040
0.15133,0.00997,0.57040
0.15133,0.00997,0.57040
0.15133,0.00997,0.57040
0.15133,0.00997,0.57040
0.15133,0.00997,0.57040
0.15133,0.00997,0.57040
0.15133,0.00997,0.57040
0.15133,0.00997,0.57040
0.15133,0.00997,0.57040
0.15133,0.00997,0.57040
0.15133,0.00997,0.57040
0.15133,0.00997,0.57040
0.15133,0.00997,0.57040
0.15133,0.00997,0.57040
0.15133,0.00997,0.57040
0.15133,0.00997,0.57040
0.15133,0.00997,0.57040
0.15133,0.00997,0.57040
0.15133,0.00997,0.57040
0.15133,0.00997,0.57040
0.15133,0.00997,0.57040
0.15133,0.00997,0.57040
0.15133,0.00997,0.57040
0.15133,0.00997,0.57040
0.15133,0.00997,0.57040
0.15133,0.00997,0.57040
0.15133,0.00997,0.57040
0.15133,0.00997,0.57040
0.15133,0.00997,0.57040
0.15133,0.00997,0.57040
0.15133,0.00997,0.57040
0.15133,0.00997,0.57040
0.15133,0.00997,0.57040
0.15133,0.00997,0.57040
0.15133,0.00997,0.57040
0.15133,0.00997,0.57040
0.15133,0.00997,0.57040
0.15133,0.00997,0.57040
0.15133,0.00997,0.57040
0.15133,0.00997,0.57040
0.15133,0.00997,0.57040
0.15133,0.00997,0.57040
0.15133,0.00997,0.57040
0.15133,0.00997,0.57040
0.15133,0.00997,0.57040
0.15133,0.00997,0.57040
0.15133,0.00997,0.57040
0.15133,0.00997,0.57040
0.15133,0.00997,0.57040
0.15133,0.00997,0.57040
0.15133,0.00997,0.57040
0.15133,0.00997,0.57040
0.15133,0.00997,0.57040
0.15133,0.00997,0.57040
0.15133,0.00997,0.57040
0.15133,0.00997,0.57040
0.15133,0.00997,0.57040
0.15133,0.00997,0.57040
0.15133,0.00997,0.57040
0.15133,0.00997,0.57040
0.15133,0.00997,0.57040
0.15133,0.00997,0.57040
0.15133,0.00997,0.57040
0.15133,0.00997,0.57040
0.15133,0.00997,0.57040
0.15133,0.00997,0.57040
0.15133,0.00997,0.57040
0.15133,0.00997,0.57040
0.15133,0.00997,0.57040
0.15133,0.00997,0.57040
0.15133,0.00997,0.57040
0.15133,0.00997,0.57040
0.15133,0.00997,0.57040
0.15133,0.00997,0.57040
0.15133,0.00997,0.57040
0.15133,0.00997,0.57040
0.15133,0.00997,0.57040
0.15133,0.00997,0.57040
0.15133,0.00997,0.57040
0.15133,0.00997,0.57040
0.15133,0.00997,0.57040
0.15133,0.00997,0.57040
0.15133,0.00997,0.57040
0.15133,0.00997,0.57040
0.15133,0.00997,0.57040
0.15133,0.00997,0.57040
0.15133,0.00997,0.57040
0.15133,0.00997,0.57040
0.15133,0.00997,0.57040
0.15133,0.00997,0.57040
0.15133,0.00997,0.57040
0.15133,0.00997,0.57040
0.15133,0.00997,0.57040
0.15133,0.00997,0.57040
0.15133,0.00997,0.57040
0.15133,0.00997,0.57040
0.15133,0.00997,0.57040
0.15133,0.00997,0.57040
0.15133,0.00997,0.57040
0.15133,0.00997,0.57040
0.15133,0.00997,0.57040
0.15133,0.00997,0.57040
0.15133,0.00997,0.57040
0.15133,0.00997,0.57040
0.15133,0.00997,0.57040
0.15133,0.00997,0.57040
0.15133,0.00997,0.57040
0.15133,0.00997,0.57040
0.15133,0.00997,0.57040
0.15133,0.00997,0.57040
0.15133,0.00997,0.57040
0.15133,0.00997,0.57040
0.15133,0.00997,0.57040
0.15133,0.00997,0.57040
0.15133,0.00997,0.57040
0.15133,0.00997,0.57040
0.15133,0.00997,0.57040
0.15133,0.00997,0.57040
0.15133,0.00997,0.57040
0.15133,0.00997,0.57040
0.15133,0.00997,0.57040
0.15133,0.00997,0.57040
0.15133,0.00997,0.57040
0.15133,0.00997,0.57040
0.15133,0.00997,0.57040
0.15133,0.00997,0.57040
0.15133,0.00997,0.57040
0.15133,0.00997,0.57040
0.15133,0.00997,0.57040
0.15133,0.00997,0.57040
0.15133,0.00997,0.57040
0.15133,0.00997,0.57040
0.15133,0.00997,0.57040
0.15133,0.00997,0.57040
0.15133,0.00997,0.57040
0.15133,0.00997,0.57040
0.15133,0.00997,0.57040
0.15133,0.00997,0.57040
0.15133,0.00997,0.57040
0.15133,0.00997,0.57040
0.15133,0.00997,0.57040
0.15133,0.00997,0.57040
0.15133,0.00997,0.57040
0.15133,0.00997,0.57040
0.15133,0.00997,0.57040
0.15133,0.00997,0.57040
0.15133,0.00997,0.57040
0.15133,0.00997,0.57040
0.15133,0.00997,0.57040
0.15133,0.00997,0.57040
0.15133,0.00997,0.57040
0.15133,0.00997,0.57040
0.15133,0.00997,0.57040
0.15133,0.00997,0.57040
0.15133,0.00997,0.57040
0.15133,0.00997,0.57040
0.15133,0.00997,0.57040
0.15133,0.00997,0.57040
0.15133,0.00997,0.57040
0.15133,0.00997,0.57040
0.15133,0.00997,0.57040
0.15133,0.00997,0.57040
0.15133,0.00997,0.57040
0.15133,0.00997,0.57040
0.15133,0.00997,0.57040
0.15133,0.00997,0.57040
0.15133,0.00997,0.57040
0.15133,0.00997,0.57040
0.15133,0.00997,0.57040
0.15133,0.00997,0.57040
0.15133,0.00997,0.57040
0.15133,0.00997,0.57040
0.15133,0.00997,0.57040
0.15133,0.00997,0.57040
0.15133,0.00997,0.57040
0.15133,0.00997,0.57040
0.15133,0.00997,0.57040
0.15133,0.00997,0.57040
0.15133,0.00997,0.57040
0.15133,0.00997,0.57040
0.15133,0.00997,0.57040
0.15133,0.00997,0.57040
0.15133,0.00997,0.57040
0.15133,0.00997,0.57040
0.15133,0.00997,0.57040
0.15133,0.00997,0.57040
0.15133,0.00997,0.57040
0.15133,0.00997,0.57040
0.15133,0.00997,0.57040
0.15133,0.00997,0.57040
0.15133,0.00997,0.57040
0.15133,0.00997,0.57040
0.15133,0.00997,0.57040
0.15133,0.00997,0.57040
0.15133,0.00997,0.57040
0.15133,0.00997,0.57040
0.15133,0.00997,0.57040
0.15133,0.00997,0.57040
0.15133,0.00997,0.57040
0.15133,0.00997,0.57040
0.15133,0.00997,0.57040
0.15133,0.00997,0.57040
0.15133,0.00997,0.57040
0.15133,0.00997,0.57040
0.15133,0.00997,0.57040
0.15133,0.00997,0.57040
0.15133,0.00997,0.57040
0.15133,0.00997,0.57040
0.15133,0.00997,0.57040
0.15133,0.00997,0.57040
0.15133,0.00997,0.57040
0.15133,0.00997,0.57040
0.15133,0.00997,0.57040
0.15133,0.00997,0.57040
0.15133,0.00997,0.57040
0.15133,0.00997,0.57040
0.15133,0.00997,0.57040
0.15133,0.00997,0.57040
0.15133,0.00997,0.57040
0.15133,0.00997,0.57040
0.15133,0.00997,0.57040
0.15133,0.00997,0.57040
0.15133,0.00997,0.57040
0.15133,0.00997,0.57040
0.15133,0.00997,0.57040
0.15133,0.00997,0.57040
0.15133,0.00997,0.57040
0.15133,0.00997,0.57040
0.15133,0.00997,0.57040
0.15133,0.00997,0.57040
0.15133,0.00997,0.57040
0.15133,0.00997,0.57040
0.15133,0.00997,0.57040
0.15133,0.00997,0.57040
0.15133,0.00997,0.57040
0.15133,0.00997,0.57040
0.15133,0.00997,0.57040
0.15133,0.00997,0.57040
0.15133,0.00997,0.57040
0.15133,0.00997,0.57040
0.15133,0.00997,0.57040
0.15133,0.00997,0.57040
0.15133,0.00997,0.57040
0.15133,0.00997,0.57040
0.15133,0.00997,0.57040
0.15133,0.00997,0.57040
0.15133,0.00997,0.57040
0.15133,0.00997,0.57040
0.15133,0.00997,0.57040
0.15133,0.00997,0.57040
0.15133,0.00997,0.57040
0.15133,0.00997,0.57040
0.15133,0.00997,0.57040
0.15133,0.00997,0.57040
0.15133,0.00997,0.57040
0.15133,0.00997,0.57040
0.15133,0.00997,0.57040
0.15133,0.00997,0.57040
0.15133,0.00997,0.57040
0.15133,0.00997,0.57040
0.15133,0.00997,0.57040
0.15133,0.00997,0.57040
0.15133,0.00997,0.57040
0.15133,0.00997,0.57040
0.15133,0.00997,0.57040
0.15133,0.00997,0.57040
0.15133,0.00997,0.57040
0.15133,0.00997,0.57040
0.15133,0.00997,0.57040
0.15133,0.00997,0.57040
0.15133,0.00997,0.57040
0.15133,0.00997,0.57040
0.15133,0.00997,0.57040
0.15133,0.00997,0.57040
0.15133,0.00997,0.57040
0.15133,0.00997,0.57040
0.15133,0.00997,0.57040
0.15133,0.00997,0.57040
0.15133,0.00997,0.57040
0.15133,0.00997,0.57040
0.15133,0.00997,0.57040
0.15133,0.00997,0.57040
0.15133,0.00997,0.57040
0.15133,0.00997,0.57040
0.15133,0.00997,0.57040
0.15133,0.00997,0.57040
0.15133,0.00997,0.57040
0.15133,0.00997,0.57040
0.15133,0.00997,0.57040
0.15133,0.00997,0.57040
0.15133,0.00997,0.57040
0.15133,0.00997,0.57040
0.15133,0.00997,0.57040
0.15133,0.00997,0.57040
0.15133,0.00997,0.57040
0.15133,0.00997,0.57040
0.15133,0.00997,0.57040
0.15133,0.00997,0.57040
0.15133,0.00997,0.57040
0.15133,0.00997,0.57040
0.15133,0.00997,0.57040
0.15133,0.00997,0.57040
0.15133,0.00997,0.57040
0.15133,0.00997,0.57040
0.15133,0.00997,0.57040
0.15133,0.00997,0.57040
0.15133,0.00997,0.57040
0.15133,0.00997,0.57040
0.15133,0.00997,0.57040
0.15133,0.00997,0.57040
0.15133,0.00997,0.57040
0.15133,0.00997,0.57040
0.15133,0.00997,0.57040
0.15133,0.00997,0.57040
0.15133,0.00997,0.57040
0.15133,0.00997,0.57040
0.15133,0.00997,0.57040
0.15133,0.00997,0.57040
0.15133,0.00997,0.57040
0.15133,0.00997,0.57040
0.15133,0.00997,0.57040
0.15133,0.00997,0.57040
0.15133,0.00997,0.57040
0.15133,0.00997,0.57040
0.15133,0.00997,0.57040
0.15133,0.00997,0.57040
0.15133,0.00997,0.57040
0.15133,0.00997,0.57040
0.15133,0.00997,0.57040
0.15133,0.00997,0.57040
0.15133,0.00997,0.57040
0.15133,0.00997,0.57040
0.15133,0.00997,0.57040
0.15133,0.00997,0.57040
0.15133,0.00997,0.57040
0.15133,0.00997,0.57040
0.15133,0.00997,0.57040
0.15133,0.00997,0.57040
0.15133,0.00997,0.57040
0.15133,0.00997,0.57040
0.15133,0.00997,0.57040
0.15133,0.00997,0.57040
0.15133,0.00997,0.57040
0.15133,0.00997,0.57040
0.15133,0.00997,0.57040
0.15133,0.00997,0.57040
0.15133,0.00997,0.57040
0.15133,0.00997,0.57040
0.15133,0.00997,0.57040
0.15133,0.00997,0.57040
0.15133,0.00997,0.57040
0.15133,0.00997,0.57040
0.15133,0.00997,0.57040
0.15133,0.00997,0.57040
0.15133,0.00997,0.57040
0.15133,0.00997,0.57040
0.15133,0.00997,0.57040
0.15133,0.00997,0.57040
0.15133,0.00997,0.57040
0.15133,0.00997,0.57040
0.15133,0.00997,0.57040
0.15133,0.00997,0.57040
0.15133,0.00997,0.57040
0.15133,0.00997,0.57040
0.15133,0.00997,0.57040
0.15133,0.00997,0.57040
0.15133,0.00997,0.57040
0.15133,0.00997,0.57040
0.15133,0.00997,0.57040
0.15133,0.00997,0.57040
0.15133,0.00997,0.57040
0.15133,0.00997,0.57040
0.15133,0.00997,0.57040
0.15133,0.00997,0.57040
0.15133,0.00997,0.57040
0.15133,0.00997,0.57040
0.15133,0.00997,0.57040
0.15133,0.00997,0.57040
0.15133,0.00997,0.57040
0.15133,0.00997,0.57040
0.15133,0.00997,0.57040
0.15133,0.00997,0.57040
0.15133,0.00997,0.57040
0.15133,0.00997,0.57040
0.15133,0.00997,0.57040
0.15133,0.00997,0.57040
0.15133,0.00997,0.57040
0.15133,0.00997,0.57040
0.15133,0.00997,0.57040
0.15133,0.00997,0.57040
0.15133,0.00997,0.57040
0.15133,0.00997,0.57040
0.15133,0.00997,0.57040
0.15133,0.00997,0.57040
0.15133,0.00997,0.57040
0.15133,0.00997,0.57040
0.15133,0.00997,0.57040
0.15133,0.00997,0.57040
0.15133,0.00997,0.57040
0.15133,0.00997,0.57040
0.15133,0.00997,0.57040
0.15133,0.00997,0.57040
0.15133,0.00997,0.57040
0.15133,0.00997,0.57040
0.15133,0.00997,0.57040
0.15133,0.00997,0.57040
0.15133,0.00997,0.57040
0.15133,0.00997,0.57040
0.15133,0.00997,0.57040
0.15133,0.00997,0.57040
0.15133,0.00997,0.57040
0.15133,0.00997,0.57040
0.15133,0.00997,0.57040
0.15133,0.00997,0.57040
0.15133,0.00997,0.57040
0.15133,0.00997,0.57040
0.15133,0.00997,0.57040
0.15133,0.00997,0.57040
0.15133,0.00997,0.57040
0.15133,0.00997,0.57040
0.15133,0.00997,0.57040
0.15133,0.00997,0.57040
0.15133,0.00997,0.57040
0.15133,0.00997,0.57040
0.15133,0.00997,0.57040
0.15133,0.00997,0.57040
0.15133,0.00997,0.57040
0.15133,0.00997,0.57040
0.15133,0.00997,0.57040
0.15133,0.00997,0.57040
0.15133,0.00997,0.57040
0.15133,0.00997,0.57040
0.15133,0.00997,0.57040
0.15133,0.00997,0.57040
0.15133,0.00997,0.57040
0.15133,0.00997,0.57040
0.15133,0.00997,0.57040
0.15133,0.00997,0.57040
0.15133,0.00997,0.57040
0.15133,0.00997,0.57040
0.15133,0.00997,0.57040
0.15133,0.00997,0.57040
0.15133,0.00997,0.57040
0.15133,0.00997,0.57040
0.15133,0.00997,0.57040
0.15133,0.00997,0.57040
0.15133,0.00997,0.57040
0.15133,0.00997,0.57040
0.15133,0.00997,0.57040
0.15133,0.00997,0.57040
0.15133,0.00997,0.57040
0.15133,0.00997,0.57040
0.15133,0.00997,0.57040
0.15133,0.00997,0.57040
0.15133,0.00997,0.57040
0.15133,0.00997,0.57040
0.15133,0.00997,0.57040
0.15133,0.00997,0.57040
0.15133,0.00997,0.57040
0.15133,0.00997,0.57040
0.15133,0.00997,0.57040
0.15133,0.00997,0.57040
0.15133,0.00997,0.57040
0.15133,0.00997,0.57040
0.15133,0.00997,0.57040
0.15133,0.00997,0.57040
0.15133,0.00997,0.57040
0.15133,0.00997,0.57040
0.15133,0.00997,0.57040
0.15133,0.00997,0.57040
0.15133,0.00997,0.57040
0.15133,0.00997,0.57040
0.15133,0.00997,0.57040
0.15133,0.00997,0.57040
0.15133,0.00997,0.57040
0.15133,0.00997,0.57040
0.15133,0.00997,0.57040
0.15133,0.00997,0.57040
0.15133,0.00997,0.57040
0.15133,0.00997,0.57040
0.15133,0.00997,0.57040
0.15133,0.00997,0.57040
0.15133,0.00997,0.57040
0.15133,0.00997,0.57040
0.15133,0.00997,0.57040
0.15133,0.00997,0.57040
0.15133,0.00997,0.57040
0.15133,0.00997,0.57040
0.15133,0.00997,0.57040
0.15133,0.00997,0.57040
0.15133,0.00997,0.57040
0.15133,0.00997,0.57040
0.15133,0.00997,0.57040
0.15133,0.00997,0.57040
0.15133,0.00997,0.57040
0.15133,0.00997,0.57040
0.15133,0.00997,0.57040
0.15133,0.00997,0.57040
0.15133,0.00997,0.57040
0.15133,0.00997,0.57040
0.15133,0.00997,0.57040
0.15133,0.00997,0.57040
0.15133,0.00997,0.57040
0.15133,0.00997,0.57040
0.15133,0.00997,0.57040
0.15133,0.00997,0.57040
0.15133,0.00997,0.57040
0.15133,0.00997,0.57040
0.15133,0.00997,0.57040
0.15133,0.00997,0.57040
0.15133,0.00997,0.57040
0.15133,0.00997,0.57040
0.15133,0.00997,0.57040
0.15133,0.00997,0.57040
0.15133,0.00997,0.57040
0.15133,0.00997,0.57040
0.15133,0.00997,0.57040
0.15133,0.00997,0.57040
0.15133,0.00997,0.57040
0.15133,0.00997,0.57040
0.15133,0.00997,0.57040
0.15133,0.00997,0.57040
0.15133,0.00997,0.57040
0.15133,0.00997,0.57040
0.15133,0.00997,0.57040
0.15133,0.00997,0.57040
0.15133,0.00997,0.57040
0.15133,0.00997,0.57040
0.15133,0.00997,0.57040
0.15133,0.00997,0.57040
0.15133,0.00997,0.57040
0.15133,0.00997,0.57040
0.15133,0.00997,0.57040
0.15133,0.00997,0.57040
0.15133,0.00997,0.57040
0.15133,0.00997,0.57040
0.15133,0.00997,0.57040
0.15133,0.00997,0.57040
0.15133,0.00997,0.57040
0.15133,0.00997,0.57040
0.15133,0.00997,0.57040
0.15133,0.00997,0.57040
0.15133,0.00997,0.57040
0.15133,0.00997,0.57040
0.15133,0.00997,0.57040
0.15133,0.00997,0.57040
0.15133,0.00997,0.57040
0.15133,0.00997,0.57040
0.15133,0.00997,0.57040
0.15133,0.00997,0.57040
0.15133,0.00997,0.57040
0.15133,0.00997,0.57040
0.15133,0.00997,0.57040
0.15133,0.00997,0.57040
0.15133,0.00997,0.57040
0.15133,0.00997,0.57040
0.15133,0.00997,0.57040
0.15133,0.00997,0.57040
0.15133,0.00997,0.57040
0.15133,0.00997,0.57040
0.15133,0.00997,0.57040
0.15133,0.00997,0.57040
0.15133,0.00997,0.57040
0.15133,0.00997,0.57040
0.15133,0.00997,0.57040
0.15133,0.00997,0.57040
0.15133,0.00997,0.57040
0.15133,0.00997,0.57040
0.15133,0.00997,0.57040
0.15133,0.00997,0.57040
0.15133,0.00997,0.57040
0.15133,0.00997,0.57040
0.15133,0.00997,0.57040
0.15133,0.00997,0.57040
0.15133,0.00997,0.57040
0.15133,0.00997,0.57040
0.15133,0.00997,0.57040
0.15133,0.00997,0.57040
0.15133,0.00997,0.57040
0.15133,0.00997,0.57040
0.15133,0.00997,0.57040
0.15133,0.00997,0.57040
0.15133,0.00997,0.57040
0.15133,0.00997,0.57040
0.15133,0.00997,0.57040
0.15133,0.00997,0.57040
0.15133,0.00997,0.57040
0.15133,0.00997,0.57040
0.15133,0.00997,0.57040
0.15133,0.00997,0.57040
0.15133,0.00997,0.57040
0.15133,0.00997,0.57040
0.15133,0.00997,0.57040
0.15133,0.00997,0.57040
0.15133,0.00997,0.57040
0.15133,0.00997,0.57040
0.15133,0.00997,0.57040
0.15133,0.00997,0.57040
0.15133,0.00997,0.57040
0.15133,0.00997,0.57040
0.15133,0.00997,0.57040
0.15133,0.00997,0.57040
0.15133,0.00997,0.57040
0.15133,0.00997,0.57040
0.15133,0.00997,0.57040
0.15133,0.00997,0.57040
0.15133,0.00997,0.57040
0.15133,0.00997,0.57040
0.15133,0.00997,0.57040
0.15133,0.00997,0.57040
0.15133,0.00997,0.57040
0.15133,0.00997,0.57040
0.15133,0.00997,0.57040
0.15133,0.00997,0.57040
0.15133,0.00997,0.57040
0.15133,0.00997,0.57040
0.15133,0.00997,0.57040
0.15133,0.00997,0.57040
0.15133,0.00997,0.57040
0.15133,0.00997,0.57040
0.15133,0.00997,0.57040
0.15133,0.00997,0.57040
0.15133,0.00997,0.57040
0.15133,0.00997,0.57040
0.15133,0.00997,0.57040
0.15133,0.00997,0.57040
0.15133,0.00997,0.57040
0.15133,0.00997,0.57040
0.15133,0.00997,0.57040
0.15133,0.00997,0.57040
0.15133,0.00997,0.57040
0.15133,0.00997,0.57040
0.15133,0.00997,0.57040
0.15133,0.00997,0.57040
0.15133,0.00997,0.57040
0.15133,0.00997,0.57040
0.15133,0.00997,0.57040
0.15133,0.00997,0.57040
0.15133,0.00997,0.57040
0.15133,0.00997,0.57040
0.15133,0.00997,0.57040
0.15133,0.00997,0.57040
0.15133,0.00997,0.57040
0.15133,0.00997,0.57040
0.15133,0.00997,0.57040
0.15133,0.00997,0.57040
0.15133,0.00997,0.57040
0.15133,0.00997,0.57040
0.15133,0.00997,0.57040
0.15133,0.00997,0.57040
0.15133,0.00997,0.57040
0.15133,0.00997,0.57040
0.15133,0.00997,0.57040
0.15133,0.00997,0.57040
0.15133,0.00997,0.57040
0.15133,0.00997,0.57040
0.15133,0.00997,0.57040
0.15133,0.00997,0.57040
0.15133,0.00997,0.57040
0.15133,0.00997,0.57040
0.15133,0.00997,0.57040
0.15133,0.00997,0.57040
0.15133,0.00997,0.57040
0.15133,0.00997,0.57040
0.15133,0.00997,0.57040
0.15133,0.00997,0.57040
0.15133,0.00997,0.57040
0.15133,0.00997,0.57040
0.15133,0.00997,0.57040
0.15133,0.00997,0.57040
0.15133,0.00997,0.57040
0.15133,0.00997,0.57040
0.15133,0.00997,0.57040
0.15133,0.00997,0.57040
0.15133,0.00997,0.57040
0.15133,0.00997,0.57040
0.15133,0.00997,0.57040
0.15133,0.00997,0.57040
0.15133,0.00997,0.57040
0.15133,0.00997,0.57040
0.15133,0.00997,0.57040
0.15133,0.00997,0.57040
0.15133,0.00997,0.57040
0.15133,0.00997,0.57040
0.15133,0.00997,0.57040
0.15133,0.00997,0.57040
0.15133,0.00997,0.57040
0.15133,0.00997,0.57040
0.15133,0.00997,0.57040
0.15133,0.00997,0.57040
0.15133,0.00997,0.57040
0.15133,0.00997,0.57040
0.15133,0.00997,0.57040
0.15133,0.00997,0.57040
0.15133,0.00997,0.57040
0.15133,0.00997,0.57040
0.15133,0.00997,0.57040
0.15133,0.00997,0.57040
0.15133,0.00997,0.57040
0.15133,0.00997,0.57040
0.15133,0.00997,0.57040
0.15133,0.00997,0.57040
0.15133,0.00997,0.57040
0.15133,0.00997,0.57040
0.15133,0.00997,0.57040
0.15133,0.00997,0.57040
0.15133,0.00997,0.57040
0.15133,0.00997,0.57040
0.15133,0.00997,0.57040
0.15133,0.00997,0.57040
0.15133,0.00997,0.57040
0.15133,0.00997,0.57040
0.15133,0.00997,0.57040
0.15133,0.00997,0.57040
0.15133,0.00997,0.57040
0.15133,0.00997,0.57040
0.15133,0.00997,0.57040
0.15133,0.00997,0.57040
0.15133,0.00997,0.57040
0.15133,0.00997,0.57040
0.15133,0.00997,0.57040
0.15133,0.00997,0.57040
0.15133,0.00997,0.57040
0.15133,0.00997,0.57040
0.15133,0.00997,0.57040
0.15133,0.00997,0.57040
0.15133,0.00997,0.57040
0.15133,0.00997,0.57040
0.15133,0.00997,0.57040
0.15133,0.00997,0.57040
0.15133,0.00997,0.57040
0.15133,0.00997,0.57040
0.15133,0.00997,0.57040
0.15133,0.00997,0.57040
0.15133,0.00997,0.57040
0.15133,0.00997,0.57040
0.15133,0.00997,0.57040
0.15133,0.00997,0.57040
0.15133,0.00997,0.57040
0.15133,0.00997,0.57040
0.15133,0.00997,0.57040
0.15133,0.00997,0.57040
0.15133,0.00997,0.57040
0.15133,0.00997,0.57040
0.15133,0.00997,0.57040
0.15133,0.00997,0.57040
0.15133,0.00997,0.57040
0.15133,0.00997,0.57040
0.15133,0.00997,0.57040
0.15133,0.00997,0.57040
0.15133,0.00997,0.57040
0.15133,0.00997,0.57040
0.15133,0.00997,0.57040
0.15133,0.00997,0.57040
0.15133,0.00997,0.57040
0.15133,0.00997,0.57040
0.15133,0.00997,0.57040
0.15133,0.00997,0.57040
0.15133,0.00997,0.57040
0.15133,0.00997,0.57040
0.15133,0.00997,0.57040
0.15133,0.00997,0.57040
0.15133,0.00997,0.57040
0.15133,0.00997,0.57040
0.15133,0.00997,0.57040
0.15133,0.00997,0.57040
0.15133,0.00997,0.57040
0.15133,0.00997,0.57040
0.15133,0.00997,0.57040
0.15133,0.00997,0.57040
0.15133,0.00997,0.57040
0.15133,0.00997,0.57040
0.15133,0.00997,0.57040
0.15133,0.00997,0.57040
0.15133,0.00997,0.57040
0.15133,0.00997,0.57040
0.15133,0.00997,0.57040
0.15133,0.00997,0.57040
0.15133,0.00997,0.57040
0.15133,0.00997,0.57040
0.15133,0.00997,0.57040
0.15133,0.00997,0.57040
0.15133,0.00997,0.57040
0.15133,0.00997,0.57040
0.15133,0.00997,0.57040
0.15133,0.00997,0.57040
0.15133,0.00997,0.57040
0.15133,0.00997,0.57040
0.15133,0.00997,0.57040
0.15133,0.00997,0.57040
0.15133,0.00997,0.57040
0.15133,0.00997,0.57040
0.15133,0.00997,0.57040
0.15133,0.00997,0.57040
0.15133,0.00997,0.57040
0.15133,0.00997,0.57040
0.15133,0.00997,0.57040
0.15133,0.00997,0.57040
0.15133,0.00997,0.57040
0.15133,0.00997,0.57040
0.15133,0.00997,0.57040
0.15133,0.00997,0.57040
0.15133,0.00997,0.57040
0.15133,0.00997,0.57040
0.15133,0.00997,0.57040
0.15133,0.00997,0.57040
0.15133,0.00997,0.57040
0.15133,0.00997,0.57040
0.15133,0.00997,0.57040
0.15133,0.00997,0.57040
0.15133,0.00997,0.57040
0.15133,0.00997,0.57040
0.15133,0.00997,0.57040
0.15133,0.00997,0.57040
0.15133,0.00997,0.57040
0.15133,0.00997,0.57040
0.15133,0.00997,0.57040
0.15133,0.00997,0.57040
0.15133,0.00997,0.57040
0.15133,0.00997,0.57040
0.15133,0.00997,0.57040
0.15133,0.00997,0.57040
0.15133,0.00997,0.57040
0.15133,0.00997,0.57040
0.15133,0.00997,0.57040
0.15133,0.00997,0.57040
0.15133,0.00997,0.57040
0.15133,0.00997,0.57040
0.15133,0.00997,0.57040
0.15133,0.00997,0.57040
0.15133,0.00997,0.57040
0.15133,0.00997,0.57040
0.15133,0.00997,0.57040
0.15133,0.00997,0.57040
0.15133,0.00997,0.57040
0.15133,0.00997,0.57040
0.15133,0.00997,0.57040
0.15133,0.00997,0.57040
0.15133,0.00997,0.57040
0.15133,0.00997,0.57040
0.15133,0.00997,0.57040
0.15133,0.00997,0.57040
0.15133,0.00997,0.57040
0.15133,0.00997,0.57040
0.15133,0.00997,0.57040
0.15133,0.00997,0.57040
0.15133,0.00997,0.57040
0.15133,0.00997,0.57040
0.15133,0.00997,0.57040
0.15133,0.00997,0.57040
0.15133,0.00997,0.57040
0.15133,0.00997,0.57040
0.15133,0.00997,0.57040
0.15133,0.00997,0.57040
0.15133,0.00997,0.57040
0.15133,0.00997,0.57040
0.15133,0.00997,0.57040
0.15133,0.00997,0.57040
0.15133,0.00997,0.57040
0.15133,0.00997,0.57040
0.15133,0.00997,0.57040
0.15133,0.00997,0.57040
0.15133,0.00997,0.57040
0.15133,0.00997,0.57040
0.15133,0.00997,0.57040
0.15133,0.00997,0.57040
0.15133,0.00997,0.57040
0.15133,0.00997,0.57040
0.15133,0.00997,0.57040
0.15133,0.00997,0.57040
0.15133,0.00997,0.57040
0.15133,0.00997,0.57040
0.15133,0.00997,0.57040
0.15133,0.00997,0.57040
0.15133,0.00997,0.57040
0.15133,0.00997,0.57040
0.15133,0.00997,0.57040
0.15133,0.00997,0.57040
0.15133,0.00997,0.57040
0.15133,0.00997,0.57040
0.15133,0.00997,0.57040
0.15133,0.00997,0.57040
0.15133,0.00997,0.57040
0.15133,0.00997,0.57040
0.15133,0.00997,0.57040
0.15133,0.00997,0.57040
0.15133,0.00997,0.57040
0.15133,0.00997,0.57040
0.15133,0.00997,0.57040
0.15133,0.00997,0.57040
0.15133,0.00997,0.57040
0.15133,0.00997,0.57040
0.15133,0.00997,0.57040
0.15133,0.00997,0.57040
0.15133,0.00997,0.57040
0.15133,0.00997,0.57040
0.15133,0.00997,0.57040
0.15133,0.00997,0.57040
0.15133,0.00997,0.57040
0.15133,0.00997,0.57040
0.15133,0.00997,0.57040
0.15133,0.00997,0.57040
0.15133,0.00997,0.57040
0.15133,0.00997,0.57040
0.15133,0.00997,0.57040
0.15133,0.00997,0.57040
0.15133,0.00997,0.57040
0.15133,0.00997,0.57040
0.15133,0.00997,0.57040
0.15133,0.00997,0.57040
0.15133,0.00997,0.57040
0.15133,0.00997,0.57040
0.15133,0.00997,0.57040
0.15133,0.00997,0.57040
0.15133,0.00997,0.57040
0.15133,0.00997,0.57040
0.15133,0.00997,0.57040
0.15133,0.00997,0.57040
0.15133,0.00997,0.57040
0.15133,0.00997,0.57040
0.15133,0.00997,0.57040
0.15133,0.00997,0.57040
0.15133,0.00997,0.57040
0.15133,0.00997,0.57040
0.15133,0.00997,0.57040
0.15133,0.00997,0.57040
0.15133,0.00997,0.57040
0.15133,0.00997,0.57040
0.15133,0.00997,0.57040
0.15133,0.00997,0.57040
0.15133,0.00997,0.57040
0.15133,0.00997,0.57040
0.15133,0.00997,0.57040
0.15133,0.00997,0.57040
0.15133,0.00997,0.57040
0.15133,0.00997,0.57040
0.15133,0.00997,0.57040
0.15133,0.00997,0.57040
0.15133,0.00997,0.57040
0.15133,0.00997,0.57040
0.15133,0.00997,0.57040
0.15133,0.00997,0.57040
0.15133,0.00997,0.57040
0.15133,0.00997,0.57040
0.15133,0.00997,0.57040
0.15133,0.00997,0.57040
0.15133,0.00997,0.57040
0.15133,0.00997,0.57040
0.15133,0.00997,0.57040
0.15133,0.00997,0.57040
0.15133,0.00997,0.57040
0.15133,0.00997,0.57040
0.15133,0.00997,0.57040
0.15133,0.00997,0.57040
0.15133,0.00997,0.57040
0.15133,0.00997,0.57040
0.15133,0.00997,0.57040
0.15133,0.00997,0.57040
0.15133,0.00997,0.57040
0.15133,0.00997,0.57040
0.15133,0.00997,0.57040
0.15133,0.00997,0.57040
0.15133,0.00997,0.57040
0.15133,0.00997,0.57040
0.15133,0.00997,0.57040
0.15133,0.00997,0.57040
0.15133,0.00997,0.57040
0.15133,0.00997,0.57040
0.15133,0.00997,0.57040
0.15133,0.00997,0.57040
0.15133,0.00997,0.57040
0.15133,0.00997,0.57040
0.15133,0.00997,0.57040
0.15133,0.00997,0.57040
0.15133,0.00997,0.57040
0.15133,0.00997,0.57040
0.15133,0.00997,0.57040
0.15133,0.00997,0.57040
0.15133,0.00997,0.57040
0.15133,0.00997,0.57040
0.15133,0.00997,0.57040
0.15133,0.00997,0.57040
0.15133,0.00997,0.57040
0.15133,0.00997,0.57040
0.15133,0.00997,0.57040
0.15133,0.00997,0.57040
0.15133,0.00997,0.57040
0.15133,0.00997,0.57040
0.15133,0.00997,0.57040
0.15133,0.00997,0.57040
0.15133,0.00997,0.57040
0.15133,0.00997,0.57040
0.15133,0.00997,0.57040
0.15133,0.00997,0.57040
0.15133,0.00997,0.57040
0.15133,0.00997,0.57040
0.15133,0.00997,0.57040
0.15133,0.00997,0.57040
0.15133,0.00997,0.57040
0.15133,0.00997,0.57040
0.15133,0.00997,0.57040
0.15133,0.00997,0.57040
0.15133,0.00997,0.57040
0.15133,0.00997,0.57040
0.15133,0.00997,0.57040
0.15133,0.00997,0.57040
0.15133,0.00997,0.57040
0.15133,0.00997,0.57040
0.15133,0.00997,0.57040
0.15133,0.00997,0.57040
0.15133,0.00997,0.57040
0.15133,0.00997,0.57040
0.15133,0.00997,0.57040
0.15133,0.00997,0.57040
0.15133,0.00997,0.57040
0.15133,0.00997,0.57040
0.15133,0.00997,0.57040
0.15133,0.00997,0.57040
0.15133,0.00997,0.57040
0.15133,0.00997,0.57040
0.15133,0.00997,0.57040
0.15133,0.00997,0.57040
0.15133,0.00997,0.57040
0.15133,0.00997,0.57040
0.15133,0.00997,0.57040
0.15133,0.00997,0.57040
0.15133,0.00997,0.57040
0.15133,0.00997,0.57040
0.15133,0.00997,0.57040
0.15133,0.00997,0.57040
0.15133,0.00997,0.57040
0.15133,0.00997,0.57040
0.15133,0.00997,0.57040
0.15133,0.00997,0.57040
0.15133,0.00997,0.57040
0.15133,0.00997,0.57040
0.15133,0.00997,0.57040
0.15133,0.00997,0.57040
0.15133,0.00997,0.57040
0.15133,0.00997,0.57040
0.15133,0.00997,0.57040
0.15133,0.00997,0.57040
0.15133,0.00997,0.57040
0.15133,0.00997,0.57040
0.15133,0.00997,0.57040
0.15133,0.00997,0.57040
0.15133,0.00997,0.57040
0.15133,0.00997,0.57040
0.15133,0.00997,0.57040
0.15133,0.00997,0.57040
0.15133,0.00997,0.57040
0.15133,0.00997,0.57040
0.15133,0.00997,0.57040
0.15133,0.00997,0.57040
0.15133,0.00997,0.57040
0.15133,0.00997,0.57040
0.15133,0.00997,0.57040
0.15133,0.00997,0.57040
0.15133,0.00997,0.57040
0.15133,0.00997,0.57040
0.15133,0.00997,0.57040
0.15133,0.00997,0.57040
0.15133,0.00997,0.57040
0.15133,0.00997,0.57040
0.15133,0.00997,0.57040
0.15133,0.00997,0.57040
0.15133,0.00997,0.57040
0.15133,0.00997,0.57040
0.15133,0.00997,0.57040
0.15133,0.00997,0.57040
0.15133,0.00997,0.57040
0.15133,0.00997,0.57040
0.15133,0.00997,0.57040
0.15133,0.00997,0.57040
0.15133,0.00997,0.57040
0.15133,0.00997,0.57040
0.15133,0.00997,0.57040
0.15133,0.00997,0.57040
0.15133,0.00997,0.57040
0.15133,0.00997,0.57040
0.15133,0.00997,0.57040
0.15133,0.00997,0.57040
0.15133,0.00997,0.57040
0.15133,0.00997,0.57040
0.15133,0.00997,0.57040
0.15133,0.00997,0.57040
0.15133,0.00997,0.57040
0.15133,0.00997,0.57040
0.15133,0.00997,0.57040
0.15133,0.00997,0.57040
0.15133,0.00997,0.57040
0.15133,0.00997,0.57040
0.15133,0.00997,0.57040
0.15133,0.00997,0.57040
0.15133,0.00997,0.57040
0.15133,0.00997,0.57040
0.15133,0.00997,0.57040
0.15133,0.00997,0.57040
0.15133,0.00997,0.57040
0.15133,0.00997,0.57040
0.15133,0.00997,0.57040
0.15133,0.00997,0.57040
0.15133,0.00997,0.57040
0.15133,0.00997,0.57040
0.15133,0.00997,0.57040
0.15133,0.00997,0.57040
0.15133,0.00997,0.57040
0.15133,0.00997,0.57040
0.15133,0.00997,0.57040
0.15133,0.00997,0.57040
0.15133,0.00997,0.57040
0.15133,0.00997,0.57040
0.15133,0.00997,0.57040
0.15133,0.00997,0.57040
0.15133,0.00997,0.57040
0.15133,0.00997,0.57040
0.15133,0.00997,0.57040
0.15133,0.00997,0.57040
0.15133,0.00997,0.57040
0.15133,0.00997,0.57040
0.15133,0.00997,0.57040
0.15133,0.00997,0.57040
0.15133,0.00997,0.57040
0.15133,0.00997,0.57040
0.15133,0.00997,0.57040
0.15133,0.00997,0.57040
0.15133,0.00997,0.57040
0.15133,0.00997,0.57040
0.15133,0.00997,0.57040
0.15133,0.00997,0.57040
0.15133,0.00997,0.57040
0.15133,0.00997,0.57040
0.15133,0.00997,0.57040
0.15133,0.00997,0.57040
0.15133,0.00997,0.57040
0.15133,0.00997,0.57040
0.15133,0.00997,0.57040
0.13137,0.00869,0.64678
0.13137,0.00869,0.64678
0.13137,0.00869,0.64678
0.13137,0.00869,0.64678
0.13137,0.00869,0.64678
0.13137,0.00869,0.64678
0.13137,0.00869,0.64678
0.13137,0.00869,0.64678
0.13137,0.00869,0.64678
0.13137,0.00869,0.64678
0.13137,0.00869,0.64678
0.13137,0.00869,0.64678
0.13137,0.00869,0.64678
0.13137,0.00869,0.64678
0.13137,0.00869,0.64678
0.13137,0.00869,0.64678
0.13137,0.00869,0.64678
0.13137,0.00869,0.64678
0.13137,0.00869,0.64678
0.13137,0.00869,0.64678
0.13137,0.00869,0.64678
0.13137,0.00869,0.64678
0.13137,0.00869,0.64678
0.13137,0.00869,0.64678
0.13137,0.00869,0.64678
0.13137,0.00869,0.64678
0.13137,0.00869,0.64678
0.13137,0.00869,0.64678
0.13137,0.00869,0.64678
0.13137,0.00869,0.64678
0.13137,0.00869,0.64678
0.13137,0.00869,0.64678
0.13137,0.00869,0.64678
0.13137,0.00869,0.64678
0.13137,0.00869,0.64678
0.13137,0.00869,0.64678
0.13137,0.00869,0.64678
0.13137,0.00869,0.64678
0.13137,0.00869,0.64678
0.13137,0.00869,0.64678
0.13137,0.00869,0.64678
0.13137,0.00869,0.64678
0.13137,0.00869,0.64678
0.13137,0.00869,0.64678
0.13137,0.00869,0.64678
0.13137,0.00869,0.64678
0.13137,0.00869,0.64678
0.13137,0.00869,0.64678
0.13137,0.00869,0.64678
0.13137,0.00869,0.64678
0.13137,0.00869,0.64678
0.13137,0.00869,0.64678
0.13137,0.00869,0.64678
0.13137,0.00869,0.64678
0.13137,0.00869,0.64678
0.13137,0.00869,0.64678
0.13137,0.00869,0.64678
0.13137,0.00869,0.64678
0.13137,0.00869,0.64678
0.13137,0.00869,0.64678
0.13137,0.00869,0.64678
0.13137,0.00869,0.64678
0.13137,0.00869,0.64678
0.13137,0.00869,0.64678
0.13137,0.00869,0.64678
0.13137,0.00869,0.64678
0.13137,0.00869,0.64678
0.13137,0.00869,0.64678
0.13137,0.00869,0.64678
0.13137,0.00869,0.64678
0.13137,0.00869,0.64678
0.13137,0.00869,0.64678
0.13137,0.00869,0.64678
0.13137,0.00869,0.64678
0.13137,0.00869,0.64678
0.13137,0.00869,0.64678
0.13137,0.00869,0.64678
0.13137,0.00869,0.64678
0.13137,0.00869,0.64678
0.13137,0.00869,0.64678
0.13137,0.00869,0.64678
0.13137,0.00869,0.64678
0.13137,0.00869,0.64678
0.13137,0.00869,0.64678
0.13137,0.00869,0.64678
0.13137,0.00869,0.64678
0.13137,0.00869,0.64678
0.13137,0.00869,0.64678
0.13137,0.00869,0.64678
0.13137,0.00869,0.64678
0.13137,0.00869,0.64678
0.13137,0.00869,0.64678
0.13137,0.00869,0.64678
0.13137,0.00869,0.64678
0.13137,0.00869,0.64678
0.13137,0.00869,0.64678
0.13137,0.00869,0.64678
0.13137,0.00869,0.64678
0.13137,0.00869,0.64678
0.13137,0.00869,0.64678
0.13137,0.00869,0.64678
0.13137,0.00869,0.64678
0.13137,0.00869,0.64678
0.13137,0.00869,0.64678
0.13137,0.00869,0.64678
0.13137,0.00869,0.64678
0.13137,0.00869,0.64678
0.13137,0.00869,0.64678
0.13137,0.00869,0.64678
0.13137,0.00869,0.64678
0.13137,0.00869,0.64678
0.13137,0.00869,0.64678
0.13137,0.00869,0.64678
0.13137,0.00869,0.64678
0.13137,0.00869,0.64678
0.13137,0.00869,0.64678
0.13137,0.00869,0.64678
0.13137,0.00869,0.64678
0.13137,0.00869,0.64678
0.13137,0.00869,0.64678
0.13137,0.00869,0.64678
0.13137,0.00869,0.64678
0.13137,0.00869,0.64678
0.13137,0.00869,0.64678
0.13137,0.00869,0.64678
0.13137,0.00869,0.64678
0.13137,0.00869,0.64678
0.13137,0.00869,0.64678
0.13137,0.00869,0.64678
0.13137,0.00869,0.64678
0.13137,0.00869,0.64678
0.13137,0.00869,0.64678
0.13137,0.00869,0.64678
0.13137,0.00869,0.64678
0.13137,0.00869,0.64678
0.13137,0.00869,0.64678
0.13137,0.00869,0.64678
0.13137,0.00869,0.64678
0.13137,0.00869,0.64678
0.13137,0.00869,0.64678
0.13137,0.00869,0.64678
0.13137,0.00869,0.64678
0.13137,0.00869,0.64678
0.13137,0.00869,0.64678
0.13137,0.00869,0.64678
0.13137,0.00869,0.64678
0.13137,0.00869,0.64678
0.13137,0.00869,0.64678
0.13137,0.00869,0.64678
0.13137,0.00869,0.64678
0.13137,0.00869,0.64678
0.13137,0.00869,0.64678
0.13137,0.00869,0.64678
0.13137,0.00869,0.64678
0.13137,0.00869,0.64678
0.13137,0.00869,0.64678
0.13137,0.00869,0.64678
0.13137,0.00869,0.64678
0.13137,0.00869,0.64678
0.13137,0.00869,0.64678
0.13137,0.00869,0.64678
0.13137,0.00869,0.64678
0.13137,0.00869,0.64678
0.13137,0.00869,0.64678
0.13137,0.00869,0.64678
0.13137,0.00869,0.64678
0.13137,0.00869,0.64678
0.13137,0.00869,0.64678
0.13137,0.00869,0.64678
0.13137,0.00869,0.64678
0.13137,0.00869,0.64678
0.13137,0.00869,0.64678
0.13137,0.00869,0.64678
0.13137,0.00869,0.64678
0.13137,0.00869,0.64678
0.13137,0.00869,0.64678
0.13137,0.00869,0.64678
0.13137,0.00869,0.64678
0.13137,0.00869,0.64678
0.13137,0.00869,0.64678
0.13137,0.00869,0.64678
0.13137,0.00869,0.64678
0.13137,0.00869,0.64678
0.13137,0.00869,0.64678
0.13137,0.00869,0.64678
0.13137,0.00869,0.64678
0.13137,0.00869,0.64678
0.13137,0.00869,0.64678
0.13137,0.00869,0.64678
0.13137,0.00869,0.64678
0.13137,0.00869,0.64678
0.13137,0.00869,0.64678
0.13137,0.00869,0.64678
0.13137,0.00869,0.64678
0.13137,0.00869,0.64678
0.13137,0.00869,0.64678
0.13137,0.00869,0.64678
0.13137,0.00869,0.64678
0.13137,0.00869,0.64678
0.13137,0.00869,0.64678
0.13137,0.00869,0.64678
0.13137,0.00869,0.64678
0.13137,0.00869,0.64678
0.13137,0.00869,0.64678
0.13137,0.00869,0.64678
0.13137,0.00869,0.64678
0.13137,0.00869,0.64678
0.13137,0.00869,0.64678
0.13137,0.00869,0.64678
0.13137,0.00869,0.64678
0.13137,0.00869,0.64678
0.13137,0.00869,0.64678
0.13137,0.00869,0.64678
0.13137,0.00869,0.64678
0.13137,0.00869,0.64678
0.13137,0.00869,0.64678
0.13137,0.00869,0.64678
0.13137,0.00869,0.64678
0.13137,0.00869,0.64678
0.13137,0.00869,0.64678
0.13137,0.00869,0.64678
0.13137,0.00869,0.64678
0.13137,0.00869,0.64678
0.13137,0.00869,0.64678
0.13137,0.00869,0.64678
0.13137,0.00869,0.64678
0.13137,0.00869,0.64678
0.13137,0.00869,0.64678
0.13137,0.00869,0.64678
0.13137,0.00869,0.64678
0.13137,0.00869,0.64678
0.13137,0.00869,0.64678
0.13137,0.00869,0.64678
0.13137,0.00869,0.64678
0.13137,0.00869,0.64678
0.13137,0.00869,0.64678
0.13137,0.00869,0.64678
0.13137,0.00869,0.64678
0.13137,0.00869,0.64678
0.13137,0.00869,0.64678
0.13137,0.00869,0.64678
0.13137,0.00869,0.64678
0.13137,0.00869,0.64678
0.13137,0.00869,0.64678
0.13137,0.00869,0.64678
0.13137,0.00869,0.64678
0.13137,0.00869,0.64678
0.13137,0.00869,0.64678
0.13137,0.00869,0.64678
0.13137,0.00869,0.64678
0.13137,0.00869,0.64678
0.13137,0.00869,0.64678
0.13137,0.00869,0.64678
0.13137,0.00869,0.64678
0.13137,0.00869,0.64678
0.13137,0.00869,0.64678
0.13137,0.00869,0.64678
0.13137,0.00869,0.64678
0.13137,0.00869,0.64678
0.13137,0.00869,0.64678
0.13137,0.00869,0.64678
0.13137,0.00869,0.64678
0.13137,0.00869,0.64678
0.13137,0.00869,0.64678
0.13137,0.00869,0.64678
0.13137,0.00869,0.64678
0.13137,0.00869,0.64678
0.13137,0.00869,0.64678
0.13137,0.00869,0.64678
0.13137,0.00869,0.64678
0.13137,0.00869,0.64678
0.13137,0.00869,0.64678
0.13137,0.00869,0.64678
0.13137,0.00869,0.64678
0.13137,0.00869,0.64678
0.13137,0.00869,0.64678
0.13137,0.00869,0.64678
0.13137,0.00869,0.64678
0.13137,0.00869,0.64678
0.13137,0.00869,0.64678
0.13137,0.00869,0.64678
0.13137,0.00869,0.64678
0.13137,0.00869,0.64678
0.13137,0.00869,0.64678
0.13137,0.00869,0.64678
0.13137,0.00869,0.64678
0.13137,0.00869,0.64678
0.13137,0.00869,0.64678
0.13137,0.00869,0.64678
0.13137,0.00869,0.64678
0.13137,0.00869,0.64678
0.13137,0.00869,0.64678
0.13137,0.00869,0.64678
0.13137,0.00869,0.64678
0.13137,0.00869,0.64678
0.13137,0.00869,0.64678
0.13137,0.00869,0.64678
0.13137,0.00869,0.64678
0.13137,0.00869,0.64678
0.13137,0.00869,0.64678
0.13137,0.00869,0.64678
0.13137,0.00869,0.64678
0.13137,0.00869,0.64678
0.13137,0.00869,0.64678
0.13137,0.00869,0.64678
0.13137,0.00869,0.64678
0.13137,0.00869,0.64678
0.13137,0.00869,0.64678
0.13137,0.00869,0.64678
0.13137,0.00869,0.64678
0.13137,0.00869,0.64678
0.13137,0.00869,0.64678
0.13137,0.00869,0.64678
0.13137,0.00869,0.64678
0.13137,0.00869,0.64678
0.13137,0.00869,0.64678
0.13137,0.00869,0.64678
0.13137,0.00869,0.64678
0.13137,0.00869,0.64678
0.13137,0.00869,0.64678
0.13137,0.00869,0.64678
0.13137,0.00869,0.64678
0.13137,0.00869,0.64678
0.13137,0.00869,0.64678
0.13137,0.00869,0.64678
0.13137,0.00869,0.64678
0.13137,0.00869,0.64678
0.13137,0.00869,0.64678
0.13137,0.00869,0.64678
0.13137,0.00869,0.64678
0.13137,0.00869,0.64678
0.13137,0.00869,0.64678
0.13137,0.00869,0.64678
0.13137,0.00869,0.64678
0.13137,0.00869,0.64678
0.13137,0.00869,0.64678
0.13137,0.00869,0.64678
0.13137,0.00869,0.64678
0.13137,0.00869,0.64678
0.13137,0.00869,0.64678
0.13137,0.00869,0.64678
0.13137,0.00869,0.64678
0.13137,0.00869,0.64678
0.13137,0.00869,0.64678
0.13137,0.00869,0.64678
0.13137,0.00869,0.64678
0.13137,0.00869,0.64678
0.13137,0.00869,0.64678
0.13137,0.00869,0.64678
0.13137,0.00869,0.64678
0.13137,0.00869,0.64678
0.13137,0.00869,0.64678
0.13137,0.00869,0.64678
0.13137,0.00869,0.64678
0.13137,0.00869,0.64678
0.13137,0.00869,0.64678
0.13137,0.00869,0.64678
0.13137,0.00869,0.64678
0.13137,0.00869,0.64678
0.13137,0.00869,0.64678
0.13137,0.00869,0.64678
0.13137,0.00869,0.64678
0.13137,0.00869,0.64678
0.13137,0.00869,0.64678
0.13137,0.00869,0.64678
0.13137,0.00869,0.64678
0.13137,0.00869,0.64678
0.13137,0.00869,0.64678
0.13137,0.00869,0.64678
0.13137,0.00869,0.64678
0.13137,0.00869,0.64678
0.13137,0.00869,0.64678
0.13137,0.00869,0.64678
0.13137,0.00869,0.64678
0.13137,0.00869,0.64678
0.13137,0.00869,0.64678
0.13137,0.00869,0.64678
0.13137,0.00869,0.64678
0.13137,0.00869,0.64678
0.13137,0.00869,0.64678
0.13137,0.00869,0.64678
0.13137,0.00869,0.64678
0.13137,0.00869,0.64678
0.13137,0.00869,0.64678
0.13137,0.00869,0.64678
0.13137,0.00869,0.64678
0.13137,0.00869,0.64678
0.13137,0.00869,0.64678
0.13137,0.00869,0.64678
0.13137,0.00869,0.64678
0.13137,0.00869,0.64678
0.13137,0.00869,0.64678
0.13137,0.00869,0.64678
0.13137,0.00869,0.64678
0.13137,0.00869,0.64678
0.13137,0.00869,0.64678
0.13137,0.00869,0.64678
0.13137,0.00869,0.64678
0.13137,0.00869,0.64678
0.13137,0.00869,0.64678
0.13137,0.00869,0.64678
0.13137,0.00869,0.64678
0.13137,0.00869,0.64678
0.13137,0.00869,0.64678
0.13137,0.00869,0.64678
0.13137,0.00869,0.64678
0.13137,0.00869,0.64678
0.13137,0.00869,0.64678
0.13137,0.00869,0.64678
0.13137,0.00869,0.64678
0.13137,0.00869,0.64678
0.13137,0.00869,0.64678
0.13137,0.00869,0.64678
0.13137,0.00869,0.64678
0.13137,0.00869,0.64678
0.13137,0.00869,0.64678
0.13137,0.00869,0.64678
0.13137,0.00869,0.64678
0.13137,0.00869,0.64678
0.13137,0.00869,0.64678
0.13137,0.00869,0.64678
0.13137,0.00869,0.64678
0.13137,0.00869,0.64678
0.13137,0.00869,0.64678
0.13137,0.00869,0.64678
0.13137,0.00869,0.64678
0.13137,0.00869,0.64678
0.13137,0.00869,0.64678
0.13137,0.00869,0.64678
0.13137,0.00869,0.64678
0.13137,0.00869,0.64678
0.13137,0.00869,0.64678
0.13137,0.00869,0.64678
0.13137,0.00869,0.64678
0.13137,0.00869,0.64678
0.13137,0.00869,0.64678
0.13137,0.00869,0.64678
0.13137,0.00869,0.64678
0.13137,0.00869,0.64678
0.13137,0.00869,0.64678
0.13137,0.00869,0.64678
0.13137,0.00869,0.64678
0.13137,0.00869,0.64678
0.13137,0.00869,0.64678
0.13137,0.00869,0.64678
0.13137,0.00869,0.64678
0.13137,0.00869,0.64678
0.13137,0.00869,0.64678
0.13137,0.00869,0.64678
0.13137,0.00869,0.64678
0.13137,0.00869,0.64678
0.13137,0.00869,0.64678
0.13137,0.00869,0.64678
0.13137,0.00869,0.64678
0.13137,0.00869,0.64678
0.13137,0.00869,0.64678
0.13137,0.00869,0.64678
0.13137,0.00869,0.64678
0.13137,0.00869,0.64678
0.13137,0.00869,0.64678
0.13137,0.00869,0.64678
0.13137,0.00869,0.64678
0.13137,0.00869,0.64678
0.13137,0.00869,0.64678
0.13137,0.00869,0.64678
0.13137,0.00869,0.64678
0.13137,0.00869,0.64678
0.13137,0.00869,0.64678
0.13137,0.00869,0.64678
0.13137,0.00869,0.64678
0.13137,0.00869,0.64678
0.13137,0.00869,0.64678
0.13137,0.00869,0.64678
0.13137,0.00869,0.64678
0.13137,0.00869,0.64678
0.13137,0.00869,0.64678
0.13137,0.00869,0.64678
0.13137,0.00869,0.64678
0.13137,0.00869,0.64678
0.13137,0.00869,0.64678
0.13137,0.00869,0.64678
0.13137,0.00869,0.64678
0.13137,0.00869,0.64678
0.13137,0.00869,0.64678
0.13137,0.00869,0.64678
0.13137,0.00869,0.64678
0.13137,0.00869,0.64678
0.13137,0.00869,0.64678
0.13137,0.00869,0.64678
0.13137,0.00869,0.64678
0.13137,0.00869,0.64678
0.13137,0.00869,0.64678
0.13137,0.00869,0.64678
0.13137,0.00869,0.64678
0.13137,0.00869,0.64678
0.13137,0.00869,0.64678
0.13137,0.00869,0.64678
0.13137,0.00869,0.64678
0.13137,0.00869,0.64678
0.13137,0.00869,0.64678
0.13137,0.00869,0.64678
0.13137,0.00869,0.64678
0.13137,0.00869,0.64678
0.13137,0.00869,0.64678
0.13137,0.00869,0.64678
0.13137,0.00869,0.64678
0.13137,0.00869,0.64678
0.13137,0.00869,0.64678
0.13137,0.00869,0.64678
0.13137,0.00869,0.64678
0.13137,0.00869,0.64678
0.13137,0.00869,0.64678
0.13137,0.00869,0.64678
0.13137,0.00869,0.64678
0.13137,0.00869,0.64678
0.13137,0.00869,0.64678
0.13137,0.00869,0.64678
0.13137,0.00869,0.64678
0.13137,0.00869,0.64678
0.13137,0.00869,0.64678
0.13137,0.00869,0.64678
0.13137,0.00869,0.64678
0.13137,0.00869,0.64678
0.13137,0.00869,0.64678
0.13137,0.00869,0.64678
0.13137,0.00869,0.64678
0.13137,0.00869,0.64678
0.13137,0.00869,0.64678
0.13137,0.00869,0.64678
0.13137,0.00869,0.64678
0.13137,0.00869,0.64678
0.13009,0.02865,0.70007
0.13009,0.02865,0.70007
0.13009,0.02865,0.70007
0.13009,0.02865,0.70007
0.13009,0.02865,0.70007
0.13009,0.02865,0.70007
0.13009,0.02865,0.70007
0.13009,0.02865,0.70007
0.13009,0.02865,0.70007
0.13009,0.02865,0.70007
0.13009,0.02865,0.70007
0.13009,0.02865,0.70007
0.13009,0.02865,0.70007
0.13009,0.02865,0.70007
0.13009,0.02865,0.70007
0.13009,0.02865,0.70007
0.13009,0.02865,0.70007
0.13009,0.02865,0.70007
0.13009,0.02865,0.70007
0.13009,0.02865,0.70007
0.13009,0.02865,0.70007
0.13009,0.02865,0.70007
0.13009,0.02865,0.70007
0.13009,0.02865,0.70007
0.13009,0.02865,0.70007
0.13009,0.02865,0.70007
0.13009,0.02865,0.70007
0.13009,0.02865,0.70007
0.13009,0.02865,0.70007
0.13009,0.02865,0.70007
0.13009,0.02865,0.70007
0.13009,0.02865,0.70007
0.13009,0.02865,0.70007
0.13009,0.02865,0.70007
0.13009,0.02865,0.70007
0.13009,0.02865,0.70007
0.13009,0.02865,0.70007
0.13009,0.02865,0.70007
0.13009,0.02865,0.70007
0.13009,0.02865,0.70007
0.13009,0.02865,0.70007
0.13009,0.02865,0.70007
0.13009,0.02865,0.70007
0.13009,0.02865,0.70007
0.13009,0.02865,0.70007
0.13009,0.02865,0.70007
0.13009,0.02865,0.70007
0.13009,0.02865,0.70007
0.13009,0.02865,0.70007
0.13009,0.02865,0.70007
0.13009,0.02865,0.70007
0.13009,0.02865,0.70007
0.13009,0.02865,0.70007
0.13009,0.02865,0.70007
0.13009,0.02865,0.70007
0.13009,0.02865,0.70007
0.13009,0.02865,0.70007
0.13009,0.02865,0.70007
0.13009,0.02865,0.70007
0.13009,0.02865,0.70007
0.13009,0.02865,0.70007
0.13009,0.02865,0.70007
0.13009,0.02865,0.70007
0.13009,0.02865,0.70007
0.13009,0.02865,0.70007
0.13009,0.02865,0.70007
0.13009,0.02865,0.70007
0.13009,0.02865,0.70007
0.13009,0.02865,0.70007
0.13009,0.02865,0.70007
0.13009,0.02865,0.70007
0.13009,0.02865,0.70007
0.13009,0.02865,0.70007
0.13009,0.02865,0.70007
0.13009,0.02865,0.70007
0.13009,0.02865,0.70007
0.13009,0.02865,0.70007
0.13009,0.02865,0.70007
0.13009,0.02865,0.70007
0.13009,0.02865,0.70007
0.13009,0.02865,0.70007
0.13009,0.02865,0.70007
0.13009,0.02865,0.70007
0.13009,0.02865,0.70007
0.13009,0.02865,0.70007
0.13009,0.02865,0.70007
0.13009,0.02865,0.70007
0.13009,0.02865,0.70007
0.13009,0.02865,0.70007
0.13009,0.02865,0.70007
0.13009,0.02865,0.70007
0.13009,0.02865,0.70007
0.13009,0.02865,0.70007
0.13009,0.02865,0.70007
0.13009,0.02865,0.70007
0.13009,0.02865,0.70007
0.13009,0.02865,0.70007
0.13009,0.02865,0.70007
0.13009,0.02865,0.70007
0.13009,0.02865,0.70007
0.13009,0.02865,0.70007
0.13009,0.02865,0.70007
0.13009,0.02865,0.70007
0.13009,0.02865,0.70007
0.13009,0.02865,0.70007
0.13009,0.02865,0.70007
0.13009,0.02865,0.70007
0.13009,0.02865,0.70007
0.13009,0.02865,0.70007
0.13009,0.02865,0.70007
0.13009,0.02865,0.70007
0.13009,0.02865,0.70007
0.13009,0.02865,0.70007
0.13009,0.02865,0.70007
0.13009,0.02865,0.70007
0.13009,0.02865,0.70007
0.13009,0.02865,0.70007
0.13009,0.02865,0.70007
0.13009,0.02865,0.70007
0.13009,0.02865,0.70007
0.13009,0.02865,0.70007
0.13009,0.02865,0.70007
0.13009,0.02865,0.70007
0.13009,0.02865,0.70007
0.13009,0.02865,0.70007
0.13009,0.02865,0.70007
0.13009,0.02865,0.70007
0.13009,0.02865,0.70007
0.13009,0.02865,0.70007
0.13009,0.02865,0.70007
0.13009,0.02865,0.70007
0.13009,0.02865,0.70007
0.13009,0.02865,0.70007
0.13009,0.02865,0.70007
0.13009,0.02865,0.70007
0.13009,0.02865,0.70007
0.13009,0.02865,0.70007
0.13009,0.02865,0.70007
0.13009,0.02865,0.70007
0.13009,0.02865,0.70007
0.13009,0.02865,0.70007
0.13009,0.02865,0.70007
0.13009,0.02865,0.70007
0.13009,0.02865,0.70007
0.13009,0.02865,0.70007
0.13009,0.02865,0.70007
0.13009,0.02865,0.70007
0.13009,0.02865,0.70007
0.13009,0.02865,0.70007
0.13009,0.02865,0.70007
0.13009,0.02865,0.70007
0.13009,0.02865,0.70007
0.13009,0.02865,0.70007
0.13009,0.02865,0.70007
0.13009,0.02865,0.70007
0.13009,0.02865,0.70007
0.13009,0.02865,0.70007
0.13009,0.02865,0.70007
0.13009,0.02865,0.70007
0.13009,0.02865,0.70007
0.13009,0.02865,0.70007
0.13009,0.02865,0.70007
0.13009,0.02865,0.70007
0.13009,0.02865,0.70007
0.13009,0.02865,0.70007
0.13009,0.02865,0.70007
0.13009,0.02865,0.70007
0.13009,0.02865,0.70007
0.13009,0.02865,0.70007
0.13009,0.02865,0.70007
0.13009,0.02865,0.70007
0.13009,0.02865,0.70007
0.13009,0.02865,0.70007
0.13009,0.02865,0.70007
0.13009,0.02865,0.70007
0.13009,0.02865,0.70007
0.13009,0.02865,0.70007
0.13009,0.02865,0.70007
0.13009,0.02865,0.70007
0.13009,0.02865,0.70007
0.13009,0.02865,0.70007
0.13009,0.02865,0.70007
0.13009,0.02865,0.70007
0.13009,0.02865,0.70007
0.13009,0.02865,0.70007
0.13009,0.02865,0.70007
0.13009,0.02865,0.70007
0.13009,0.02865,0.70007
0.13009,0.02865,0.70007
0.13009,0.02865,0.70007
0.13009,0.02865,0.70007
0.13009,0.02865,0.70007
0.13009,0.02865,0.70007
0.13009,0.02865,0.70007
0.13009,0.02865,0.70007
0.13009,0.02865,0.70007
0.13009,0.02865,0.70007
0.13009,0.02865,0.70007
0.13009,0.02865,0.70007
0.13009,0.02865,0.70007
0.13009,0.02865,0.70007
0.13009,0.02865,0.70007
0.13009,0.02865,0.70007
0.13009,0.02865,0.70007
0.13009,0.02865,0.70007
0.13009,0.02865,0.70007
0.13009,0.02865,0.70007
0.13009,0.02865,0.70007
0.13009,0.02865,0.70007
0.13009,0.02865,0.70007
0.13009,0.02865,0.70007
0.13009,0.02865,0.70007
0.13009,0.02865,0.70007
0.13009,0.02865,0.70007
0.13009,0.02865,0.70007
0.13009,0.02865,0.70007
0.13009,0.02865,0.70007
0.13009,0.02865,0.70007
0.13009,0.02865,0.70007
0.13009,0.02865,0.70007
0.13009,0.02865,0.70007
0.13009,0.02865,0.70007
0.13009,0.02865,0.70007
0.13009,0.02865,0.70007
0.13009,0.02865,0.70007
0.13009,0.02865,0.70007
0.13009,0.02865,0.70007
0.13009,0.02865,0.70007
0.13009,0.02865,0.70007
0.13009,0.02865,0.70007
0.13009,0.02865,0.70007
0.13009,0.02865,0.70007
0.13009,0.02865,0.70007
0.13009,0.02865,0.70007
0.13009,0.02865,0.70007
0.13009,0.02865,0.70007
0.13009,0.02865,0.70007
0.13009,0.02865,0.70007
0.13009,0.02865,0.70007
0.13009,0.02865,0.70007
0.13009,0.02865,0.70007
0.13009,0.02865,0.70007
0.13009,0.02865,0.70007
0.13009,0.02865,0.70007
0.13009,0.02865,0.70007
0.13009,0.02865,0.70007
0.13009,0.02865,0.70007
0.13009,0.02865,0.70007
0.13009,0.02865,0.70007
0.13009,0.02865,0.70007
0.13009,0.02865,0.70007
0.13009,0.02865,0.70007
0.13009,0.02865,0.70007
0.13009,0.02865,0.70007
0.13009,0.02865,0.70007
0.13009,0.02865,0.70007
0.13009,0.02865,0.70007
0.13009,0.02865,0.70007
0.13009,0.02865,0.70007
0.13009,0.02865,0.70007
0.13009,0.02865,0.70007
0.13009,0.02865,0.70007
0.13009,0.02865,0.70007
0.13009,0.02865,0.70007
0.13009,0.02865,0.70007
0.13009,0.02865,0.70007
0.13009,0.02865,0.70007
0.13009,0.02865,0.70007
0.13009,0.02865,0.70007
0.13009,0.02865,0.70007
0.13009,0.02865,0.70007
0.13009,0.02865,0.70007
0.13009,0.02865,0.70007
0.13009,0.02865,0.70007
0.13009,0.02865,0.70007
0.13009,0.02865,0.70007
0.13009,0.02865,0.70007
0.13009,0.02865,0.70007
0.13009,0.02865,0.70007
0.13009,0.02865,0.70007
0.13009,0.02865,0.70007
0.13009,0.02865,0.70007
0.13009,0.02865,0.70007
0.13009,0.02865,0.70007
0.13009,0.02865,0.70007
0.13009,0.02865,0.70007
0.13009,0.02865,0.70007
0.13009,0.02865,0.70007
0.13009,0.02865,0.70007
0.13009,0.02865,0.70007
0.13009,0.02865,0.70007
0.13009,0.02865,0.70007
0.13009,0.02865,0.70007
0.13009,0.02865,0.70007
0.13009,0.02865,0.70007
0.13009,0.02865,0.70007
0.13009,0.02865,0.70007
0.13009,0.02865,0.70007
0.13009,0.02865,0.70007
0.13009,0.02865,0.70007
0.13009,0.02865,0.70007
0.13009,0.02865,0.70007
0.13009,0.02865,0.70007
0.13009,0.02865,0.70007
0.13009,0.02865,0.70007
0.13009,0.02865,0.70007
0.13009,0.02865,0.70007
0.13009,0.02865,0.70007
0.13009,0.02865,0.70007
0.13009,0.02865,0.70007
0.13009,0.02865,0.70007
0.13009,0.02865,0.70007
0.13009,0.02865,0.70007
0.13009,0.02865,0.70007
0.13009,0.02865,0.70007
0.13009,0.02865,0.70007
0.13009,0.02865,0.70007
0.13009,0.02865,0.70007
0.13009,0.02865,0.70007
0.13009,0.02865,0.70007
0.13009,0.02865,0.70007
0.13009,0.02865,0.70007
0.13009,0.02865,0.70007
0.13009,0.02865,0.70007
0.13009,0.02865,0.70007
0.13009,0.02865,0.70007
0.13009,0.02865,0.70007
0.13009,0.02865,0.70007
0.13009,0.02865,0.70007
0.13009,0.02865,0.70007
0.13009,0.02865,0.70007
0.13009,0.02865,0.70007
0.13009,0.02865,0.70007
0.13009,0.02865,0.70007
0.13009,0.02865,0.70007
0.13009,0.02865,0.70007
0.13009,0.02865,0.70007
0.13009,0.02865,0.70007
0.13009,0.02865,0.70007
0.13009,0.02865,0.70007
0.13009,0.02865,0.70007
0.13009,0.02865,0.70007
0.13009,0.02865,0.70007
0.13009,0.02865,0.70007
0.13009,0.02865,0.70007
0.13009,0.02865,0.70007
0.13009,0.02865,0.70007
0.13009,0.02865,0.70007
0.13009,0.02865,0.70007
0.13009,0.02865,0.70007
0.13009,0.02865,0.70007
0.13009,0.02865,0.70007
0.13009,0.02865,0.70007
0.13009,0.02865,0.70007
0.13009,0.02865,0.70007
0.13009,0.02865,0.70007
0.13009,0.02865,0.70007
0.13009,0.02865,0.70007
0.13009,0.02865,0.70007
0.13009,0.02865,0.70007
0.13009,0.02865,0.70007
0.13009,0.02865,0.70007
0.13009,0.02865,0.70007
0.13009,0.02865,0.70007
0.13009,0.02865,0.70007
0.13009,0.02865,0.70007
0.13009,0.02865,0.70007
0.13009,0.02865,0.70007
0.13009,0.02865,0.70007
0.13009,0.02865,0.70007
0.13009,0.02865,0.70007
0.13009,0.02865,0.70007
0.13009,0.02865,0.70007
0.13009,0.02865,0.70007
0.13009,0.02865,0.70007
0.13009,0.02865,0.70007
0.13009,0.02865,0.70007
0.13009,0.02865,0.70007
0.13009,0.02865,0.70007
0.13009,0.02865,0.70007
0.13009,0.02865,0.70007
0.13009,0.02865,0.70007
0.13009,0.02865,0.70007
0.13009,0.02865,0.70007
0.13009,0.02865,0.70007
0.13009,0.02865,0.70007
0.13009,0.02865,0.70007
0.13009,0.02865,0.70007
0.13009,0.02865,0.70007
0.13009,0.02865,0.70007
0.13009,0.02865,0.70007
0.13009,0.02865,0.70007
0.13009,0.02865,0.70007
0.13009,0.02865,0.70007
0.13009,0.02865,0.70007
0.13009,0.02865,0.70007
0.13009,0.02865,0.70007
0.13009,0.02865,0.70007
0.13009,0.02865,0.70007
0.13009,0.02865,0.70007
0.13009,0.02865,0.70007
0.13009,0.02865,0.70007
0.13009,0.02865,0.70007
0.13009,0.02865,0.70007
0.13009,0.02865,0.70007
0.13009,0.02865,0.70007
0.13009,0.02865,0.70007
0.13009,0.02865,0.70007
0.13009,0.02865,0.70007
0.13009,0.02865,0.70007
0.13009,0.02865,0.70007
0.13009,0.02865,0.70007
0.13009,0.02865,0.70007
0.13009,0.02865,0.70007
0.13009,0.02865,0.70007
0.13009,0.02865,0.70007
0.13009,0.02865,0.70007
0.13009,0.02865,0.70007
0.13009,0.02865,0.70007
0.13009,0.02865,0.70007
0.13009,0.02865,0.70007
0.13009,0.02865,0.70007
0.13009,0.02865,0.70007
0.13009,0.02865,0.70007
0.13009,0.02865,0.70007
0.13009,0.02865,0.70007
0.13009,0.02865,0.70007
0.13009,0.02865,0.70007
0.13009,0.02865,0.70007
0.13009,0.02865,0.70007
0.13009,0.02865,0.70007
0.13009,0.02865,0.70007
0.13009,0.02865,0.70007
0.13009,0.02865,0.70007
0.13009,0.02865,0.70007
0.13009,0.02865,0.70007
0.13009,0.02865,0.70007
0.13009,0.02865,0.70007
0.13009,0.02865,0.70007
0.13009,0.02865,0.70007
0.13009,0.02865,0.70007
0.13009,0.02865,0.70007
0.13009,0.02865,0.70007
0.13009,0.02865,0.70007
0.13009,0.02865,0.70007
0.13009,0.02865,0.70007
0.13009,0.02865,0.70007
0.13009,0.02865,0.70007
0.13009,0.02865,0.70007
0.13009,0.02865,0.70007
0.13009,0.02865,0.70007
0.13009,0.02865,0.70007
0.13009,0.02865,0.70007
0.13009,0.02865,0.70007
0.13009,0.02865,0.70007
0.13009,0.02865,0.70007
0.13009,0.02865,0.70007
0.13009,0.02865,0.70007
0.13009,0.02865,0.70007
0.13009,0.02865,0.70007
0.13009,0.02865,0.70007
0.13009,0.02865,0.70007
0.13009,0.02865,0.70007
0.13009,0.02865,0.70007
0.13009,0.02865,0.70007
0.13009,0.02865,0.70007
0.13009,0.02865,0.70007
0.13009,0.02865,0.70007
0.13009,0.02865,0.70007
0.13009,0.02865,0.70007
0.13009,0.02865,0.70007
0.13009,0.02865,0.70007
0.13009,0.02865,0.70007
0.13009,0.02865,0.70007
0.13009,0.02865,0.70007
0.13009,0.02865,0.70007
0.13009,0.02865,0.70007
0.13009,0.02865,0.70007
0.13009,0.02865,0.70007
0.13009,0.02865,0.70007
0.13009,0.02865,0.70007
0.13009,0.02865,0.70007
0.13009,0.02865,0.70007
0.13009,0.02865,0.70007
0.13009,0.02865,0.70007
0.13009,0.02865,0.70007
0.13009,0.02865,0.70007
0.13009,0.02865,0.70007
0.13009,0.02865,0.70007
0.13009,0.02865,0.70007
0.13009,0.02865,0.70007
0.13009,0.02865,0.70007
0.13009,0.02865,0.70007
0.13009,0.02865,0.70007
0.13009,0.02865,0.70007
0.13009,0.02865,0.70007
0.13009,0.02865,0.70007
0.13009,0.02865,0.70007
0.13009,0.02865,0.70007
0.13009,0.02865,0.70007
0.13009,0.02865,0.70007
0.13009,0.02865,0.70007
0.13009,0.02865,0.70007
0.13009,0.02865,0.70007
0.13009,0.02865,0.70007
0.13009,0.02865,0.70007
0.13009,0.02865,0.70007
0.13009,0.02865,0.70007
0.13009,0.02865,0.70007
0.13009,0.02865,0.70007
0.13009,0.02865,0.70007
0.13009,0.02865,0.70007
0.13009,0.02865,0.70007
0.13009,0.02865,0.70007
0.13009,0.02865,0.70007
0.13009,0.02865,0.70007
0.13009,0.02865,0.70007
0.13009,0.02865,0.70007
0.13009,0.02865,0.70007
0.13009,0.02865,0.70007
0.13009,0.02865,0.70007
0.13009,0.02865,0.70007
0.13009,0.02865,0.70007
0.13009,0.02865,0.70007
0.13009,0.02865,0.70007
0.13009,0.02865,0.70007
0.13009,0.02865,0.70007
0.13009,0.02865,0.70007
0.13009,0.02865,0.70007
0.13009,0.02865,0.70007
0.13009,0.02865,0.70007
0.13009,0.02865,0.70007
0.13009,0.02865,0.70007
0.13009,0.02865,0.70007
0.13009,0.02865,0.70007
0.13009,0.02865,0.70007
0.13009,0.02865,0.70007
0.13009,0.02865,0.70007
0.13009,0.02865,0.70007
0.13009,0.02865,0.70007
0.13009,0.02865,0.70007
0.13009,0.02865,0.70007
0.13009,0.02865,0.70007
0.13009,0.02865,0.70007
0.13009,0.02865,0.70007
0.13009,0.02865,0.70007
0.13009,0.02865,0.70007
0.13009,0.02865,0.70007
0.13009,0.02865,0.70007
0.13009,0.02865,0.70007
0.13009,0.02865,0.70007
0.13009,0.02865,0.70007
0.13009,0.02865,0.70007
0.13009,0.02865,0.70007
0.13009,0.02865,0.70007
0.13009,0.02865,0.70007
0.13009,0.02865,0.70007
0.13009,0.02865,0.70007
0.13009,0.02865,0.70007
0.13009,0.02865,0.70007
0.13009,0.02865,0.70007
0.13009,0.02865,0.70007
0.13009,0.02865,0.70007
0.13009,0.02865,0.70007
0.13009,0.02865,0.70007
0.13009,0.02865,0.70007
0.13009,0.02865,0.70007
0.13009,0.02865,0.70007
0.13009,0.02865,0.70007
0.13009,0.02865,0.70007
0.13009,0.02865,0.70007
0.13009,0.02865,0.70007
0.13009,0.02865,0.70007
0.13009,0.02865,0.70007
0.13009,0.02865,0.70007
0.13009,0.02865,0.70007
0.13009,0.02865,0.70007
0.13009,0.02865,0.70007
0.13009,0.02865,0.70007
0.13009,0.02865,0.70007
0.13009,0.02865,0.70007
0.13009,0.02865,0.70007
0.13009,0.02865,0.70007
0.13009,0.02865,0.70007
0.13009,0.02865,0.70007
0.13009,0.02865,0.70007
0.13009,0.02865,0.70007
0.13009,0.02865,0.70007
0.13009,0.02865,0.70007
0.13009,0.02865,0.70007
0.13009,0.02865,0.70007
0.13009,0.02865,0.70007
0.13009,0.02865,0.70007
0.13009,0.02865,0.70007
0.13009,0.02865,0.70007
0.13009,0.02865,0.70007
0.13009,0.02865,0.70007
0.13009,0.02865,0.70007
0.13009,0.02865,0.70007
0.13009,0.02865,0.70007
0.13009,0.02865,0.70007
0.13009,0.02865,0.70007
0.13009,0.02865,0.70007
0.13009,0.02865,0.70007
0.13009,0.02865,0.70007
0.13009,0.02865,0.70007
0.13009,0.02865,0.70007
0.13009,0.02865,0.70007
0.13009,0.02865,0.70007
0.13009,0.02865,0.70007
0.13009,0.02865,0.70007
0.13009,0.02865,0.70007
0.13009,0.02865,0.70007
0.13009,0.02865,0.70007
0.13009,0.02865,0.70007
0.13009,0.02865,0.70007
0.13009,0.02865,0.70007
0.13009,0.02865,0.70007
0.13009,0.02865,0.70007
0.13009,0.02865,0.70007
0.13009,0.02865,0.70007
0.13009,0.02865,0.70007
0.13009,0.02865,0.70007
0.13009,0.02865,0.70007
0.13009,0.02865,0.70007
0.13009,0.02865,0.70007
0.13009,0.02865,0.70007
0.13009,0.02865,0.70007
0.13009,0.02865,0.70007
0.13009,0.02865,0.70007
0.13009,0.02865,0.70007
0.13009,0.02865,0.70007
0.13009,0.02865,0.70007
0.13009,0.02865,0.70007
0.13009,0.02865,0.70007
0.13009,0.02865,0.70007
0.13009,0.02865,0.70007
0.13009,0.02865,0.70007
0.13009,0.02865,0.70007
0.13009,0.02865,0.70007
0.13009,0.02865,0.70007
0.13009,0.02865,0.70007
0.13009,0.02865,0.70007
0.13009,0.02865,0.70007
0.13009,0.02865,0.70007
0.13009,0.02865,0.70007
0.13009,0.02865,0.70007
0.13009,0.02865,0.70007
0.13009,0.02865,0.70007
0.13009,0.02865,0.70007
0.13009,0.02865,0.70007
0.13009,0.02865,0.70007
0.13009,0.02865,0.70007
0.13009,0.02865,0.70007
0.13009,0.02865,0.70007
0.13009,0.02865,0.70007
0.13009,0.02865,0.70007
0.13009,0.02865,0.70007
0.13009,0.02865,0.70007
0.13009,0.02865,0.70007
0.13009,0.02865,0.70007
0.13009,0.02865,0.70007
0.13009,0.02865,0.70007
0.13009,0.02865,0.70007
0.13009,0.02865,0.70007
0.13009,0.02865,0.70007
0.13009,0.02865,0.70007
0.13009,0.02865,0.70007
0.13009,0.02865,0.70007
0.13009,0.02865,0.70007
0.13009,0.02865,0.70007
0.13009,0.02865,0.70007
0.13009,0.02865,0.70007
0.13009,0.02865,0.70007
0.13009,0.02865,0.70007
0.13009,0.02865,0.70007
0.13009,0.02865,0.70007
0.13009,0.02865,0.70007
0.13009,0.02865,0.70007
0.13009,0.02865,0.70007
0.13009,0.02865,0.70007
0.13009,0.02865,0.70007
0.13009,0.02865,0.70007
0.13009,0.02865,0.70007
0.13009,0.02865,0.70007
0.13009,0.02865,0.70007
0.13009,0.02865,0.70007
0.13009,0.02865,0.70007
0.13009,0.02865,0.70007
0.13009,0.02865,0.70007
0.13009,0.02865,0.70007
0.13009,0.02865,0.70007
0.13009,0.02865,0.70007
0.13009,0.02865,0.70007
0.13009,0.02865,0.70007
0.13009,0.02865,0.70007
0.13009,0.02865,0.70007
0.13009,0.02865,0.70007
0.13009,0.02865,0.70007
0.13009,0.02865,0.70007
0.13009,0.02865,0.70007
0.13009,0.02865,0.70007
0.13009,0.02865,0.70007
0.13009,0.02865,0.70007
0.13009,0.02865,0.70007
0.13009,0.02865,0.70007
0.13009,0.02865,0.70007
0.13009,0.02865,0.70007
0.13009,0.02865,0.70007
0.13009,0.02865,0.70007
0.13009,0.02865,0.70007
0.13009,0.02865,0.70007
0.13009,0.02865,0.70007
0.13009,0.02865,0.70007
0.13009,0.02865,0.70007
0.13009,0.02865,0.70007
0.13009,0.02865,0.70007
0.13009,0.02865,0.70007
0.13009,0.02865,0.70007
0.13009,0.02865,0.70007
0.13009,0.02865,0.70007
0.13009,0.02865,0.70007
0.13009,0.02865,0.70007
0.13009,0.02865,0.70007
0.13009,0.02865,0.70007
0.13009,0.02865,0.70007
0.13009,0.02865,0.70007
0.13009,0.02865,0.70007
0.13009,0.02865,0.70007
0.13009,0.02865,0.70007
0.13009,0.02865,0.70007
0.13009,0.02865,0.70007
0.13009,0.02865,0.70007
0.13009,0.02865,0.70007
0.13009,0.02865,0.70007
0.13009,0.02865,0.70007
0.13009,0.02865,0.70007
0.13009,0.02865,0.70007
0.13009,0.02865,0.70007
0.13009,0.02865,0.70007
0.13009,0.02865,0.70007
0.13009,0.02865,0.70007
0.13009,0.02865,0.70007
0.13009,0.02865,0.70007
0.13009,0.02865,0.70007
0.13009,0.02865,0.70007
0.13009,0.02865,0.70007
0.13009,0.02865,0.70007
0.13009,0.02865,0.70007
0.13009,0.02865,0.70007
0.13009,0.02865,0.70007
0.13009,0.02865,0.70007
0.13009,0.02865,0.70007
0.13009,0.02865,0.70007
0.13009,0.02865,0.70007
0.13009,0.02865,0.70007
0.13009,0.02865,0.70007
0.13009,0.02865,0.70007
0.13009,0.02865,0.70007
0.13009,0.02865,0.70007
0.13009,0.02865,0.70007
0.13009,0.02865,0.70007
0.13009,0.02865,0.70007
0.13009,0.02865,0.70007
0.13009,0.02865,0.70007
0.13009,0.02865,0.70007
0.13009,0.02865,0.70007
0.13009,0.02865,0.70007
0.13009,0.02865,0.70007
0.13009,0.02865,0.70007
0.13009,0.02865,0.70007
0.13009,0.02865,0.70007
0.13009,0.02865,0.70007
0.13009,0.02865,0.70007
0.13009,0.02865,0.70007
0.13009,0.02865,0.70007
0.13009,0.02865,0.70007
0.13009,0.02865,0.70007
0.13009,0.02865,0.70007
0.13009,0.02865,0.70007
0.13009,0.02865,0.70007
0.13009,0.02865,0.70007
0.13009,0.02865,0.70007
0.13009,0.02865,0.70007
0.13009,0.02865,0.70007
0.13009,0.02865,0.70007
0.13009,0.02865,0.70007
0.13009,0.02865,0.70007
0.13009,0.02865,0.70007
0.13009,0.02865,0.70007
0.13009,0.02865,0.70007
0.13009,0.02865,0.70007
0.13009,0.02865,0.70007
0.13009,0.02865,0.70007
0.13009,0.02865,0.70007
0.13009,0.02865,0.70007
0.13009,0.02865,0.70007
0.13009,0.02865,0.70007
0.13009,0.02865,0.70007
0.13009,0.02865,0.70007
0.13009,0.02865,0.70007
0.13009,0.02865,0.70007
0.13009,0.02865,0.70007
0.13009,0.02865,0.70007
0.13009,0.02865,0.70007
0.13009,0.02865,0.70007
0.13009,0.02865,0.70007
0.13009,0.02865,0.70007
0.13009,0.02865,0.70007
0.13009,0.02865,0.70007
0.13009,0.02865,0.70007
0.13009,0.02865,0.70007
0.13009,0.02865,0.70007
0.13009,0.02865,0.70007
0.13009,0.02865,0.70007
0.13009,0.02865,0.70007
0.13009,0.02865,0.70007
0.13009,0.02865,0.70007
0.13009,0.02865,0.70007
0.13009,0.02865,0.70007
0.13009,0.02865,0.70007
0.13009,0.02865,0.70007
0.13009,0.02865,0.70007
0.13009,0.02865,0.70007
0.13009,0.02865,0.70007
0.13009,0.02865,0.70007
0.13009,0.02865,0.70007
0.13009,0.02865,0.70007
0.13009,0.02865,0.70007
0.13009,0.02865,0.70007
0.13009,0.02865,0.70007
0.13009,0.02865,0.70007
0.13009,0.02865,0.70007
0.13009,0.02865,0.70007
0.13009,0.02865,0.70007
0.13009,0.02865,0.70007
0.13009,0.02865,0.70007
0.13009,0.02865,0.70007
0.13009,0.02865,0.70007
0.13009,0.02865,0.70007
0.13009,0.02865,0.70007
0.13009,0.02865,0.70007
0.13009,0.02865,0.70007
0.13009,0.02865,0.70007
0.13009,0.02865,0.70007
0.13009,0.02865,0.70007
0.13009,0.02865,0.70007
0.13009,0.02865,0.70007
0.13009,0.02865,0.70007
0.13009,0.02865,0.70007
0.13009,0.02865,0.70007
0.13009,0.02865,0.70007
0.13009,0.02865,0.70007
0.13009,0.02865,0.70007
0.13009,0.02865,0.70007
0.13009,0.02865,0.70007
0.13009,0.02865,0.70007
0.13009,0.02865,0.70007
0.13009,0.02865,0.70007
0.13009,0.02865,0.70007
0.13009,0.02865,0.70007
0.13009,0.02865,0.70007
0.13009,0.02865,0.70007
0.13009,0.02865,0.70007
0.13009,0.02865,0.70007
0.13009,0.02865,0.70007
0.13009,0.02865,0.70007
0.13009,0.02865,0.70007
0.13009,0.02865,0.70007
0.13009,0.02865,0.70007
0.13009,0.02865,0.70007
0.13009,0.02865,0.70007
0.13009,0.02865,0.70007
0.13009,0.02865,0.70007
0.13009,0.02865,0.70007
0.13009,0.02865,0.70007
0.13009,0.02865,0.70007
0.13009,0.02865,0.70007
0.13009,0.02865,0.70007
0.13009,0.02865,0.70007
0.13009,0.02865,0.70007
0.13009,0.02865,0.70007
0.13009,0.02865,0.70007
0.13009,0.02865,0.70007
0.13009,0.02865,0.70007
0.13009,0.02865,0.70007
0.13009,0.02865,0.70007
0.13009,0.02865,0.70007
0.13009,0.02865,0.70007
0.13009,0.02865,0.70007
0.13009,0.02865,0.70007
0.13009,0.02865,0.70007
0.13009,0.02865,0.70007
0.13009,0.02865,0.70007
0.13009,0.02865,0.70007
0.13009,0.02865,0.70007
0.13009,0.02865,0.70007
0.12882,0.04861,0.77456
0.12882,0.04861,0.77456
0.12882,0.04861,0.77456
0.12882,0.04861,0.77456
0.12882,0.04861,0.77456
0.12882,0.04861,0.77456
0.12882,0.04861,0.77456
0.12882,0.04861,0.77456
0.12882,0.04861,0.77456
0.12882,0.04861,0.77456
0.12882,0.04861,0.77456
0.12882,0.04861,0.77456
0.12882,0.04861,0.77456
0.12882,0.04861,0.77456
0.12882,0.04861,0.77456
0.12882,0.04861,0.77456
0.12882,0.04861,0.77456
0.12882,0.04861,0.77456
0.12882,0.04861,0.77456
0.12882,0.04861,0.77456
0.12882,0.04861,0.77456
0.12882,0.04861,0.77456
0.12882,0.04861,0.77456
0.12882,0.04861,0.77456
0.12882,0.04861,0.77456
0.12882,0.04861,0.77456
0.12882,0.04861,0.77456
0.12882,0.04861,0.77456
0.12882,0.04861,0.77456
0.12882,0.04861,0.77456
0.12882,0.04861,0.77456
0.12882,0.04861,0.77456
0.12882,0.04861,0.77456
0.12882,0.04861,0.77456
0.12882,0.04861,0.77456
0.12882,0.04861,0.77456
0.12882,0.04861,0.77456
0.12882,0.04861,0.77456
0.12882,0.04861,0.77456
0.12882,0.04861,0.77456
0.12882,0.04861,0.77456
0.12882,0.04861,0.77456
0.12882,0.04861,0.77456
0.12882,0.04861,0.77456
0.12882,0.04861,0.77456
0.12882,0.04861,0.77456
0.12882,0.04861,0.77456
0.12882,0.04861,0.77456
0.12882,0.04861,0.77456
0.12882,0.04861,0.77456
0.12882,0.04861,0.77456
0.12882,0.04861,0.77456
0.12882,0.04861,0.77456
0.12882,0.04861,0.77456
0.12882,0.04861,0.77456
0.12882,0.04861,0.77456
0.12882,0.04861,0.77456
0.12882,0.04861,0.77456
0.12882,0.04861,0.77456
0.12882,0.04861,0.77456
0.12882,0.04861,0.77456
0.12882,0.04861,0.77456
0.12882,0.04861,0.77456
0.12882,0.04861,0.77456
0.12882,0.04861,0.77456
0.12882,0.04861,0.77456
0.12882,0.04861,0.77456
0.12882,0.04861,0.77456
0.12882,0.04861,0.77456
0.12882,0.04861,0.77456
0.12882,0.04861,0.77456
0.12882,0.04861,0.77456
0.12882,0.04861,0.77456
0.12882,0.04861,0.77456
0.12882,0.04861,0.77456
0.12882,0.04861,0.77456
0.12882,0.04861,0.77456
0.12882,0.04861,0.77456
0.12882,0.04861,0.77456
0.12882,0.04861,0.77456
0.12882,0.04861,0.77456
0.12882,0.04861,0.77456
0.12882,0.04861,0.77456
0.12882,0.04861,0.77456
0.12882,0.04861,0.77456
0.12882,0.04861,0.77456
0.12882,0.04861,0.77456
0.12882,0.04861,0.77456
0.12882,0.04861,0.77456
0.12882,0.04861,0.77456
0.12882,0.04861,0.77456
0.12882,0.04861,0.77456
0.12882,0.04861,0.77456
0.12882,0.04861,0.77456
0.12882,0.04861,0.77456
0.12882,0.04861,0.77456
0.12882,0.04861,0.77456
0.12882,0.04861,0.77456
0.12882,0.04861,0.77456
0.12882,0.04861,0.77456
0.12882,0.04861,0.77456
0.12882,0.04861,0.77456
0.12882,0.04861,0.77456
0.12882,0.04861,0.77456
0.12882,0.04861,0.77456
0.12882,0.04861,0.77456
0.12882,0.04861,0.77456
0.12882,0.04861,0.77456
0.12882,0.04861,0.77456
0.12882,0.04861,0.77456
0.12882,0.04861,0.77456
0.12882,0.04861,0.77456
0.12882,0.04861,0.77456
0.12882,0.04861,0.77456
0.12882,0.04861,0.77456
0.12882,0.04861,0.77456
0.12882,0.04861,0.77456
0.12882,0.04861,0.77456
0.12882,0.04861,0.77456
0.12882,0.04861,0.77456
0.12882,0.04861,0.77456
0.12882,0.04861,0.77456
0.12882,0.04861,0.77456
0.12882,0.04861,0.77456
0.12882,0.04861,0.77456
0.12882,0.04861,0.77456
0.12882,0.04861,0.77456
0.12882,0.04861,0.77456
0.12882,0.04861,0.77456
0.12882,0.04861,0.77456
0.12882,0.04861,0.77456
0.12882,0.04861,0.77456
0.12882,0.04861,0.77456
0.12882,0.04861,0.77456
0.12882,0.04861,0.77456
0.12882,0.04861,0.77456
0.12882,0.04861,0.77456
0.12882,0.04861,0.77456
0.12882,0.04861,0.77456
0.12882,0.04861,0.77456
0.12882,0.04861,0.77456
0.12882,0.04861,0.77456
0.12882,0.04861,0.77456
0.12882,0.04861,0.77456
0.12882,0.04861,0.77456
0.12882,0.04861,0.77456
0.12882,0.04861,0.77456
0.12882,0.04861,0.77456
0.12882,0.04861,0.77456
0.12882,0.04861,0.77456
0.12882,0.04861,0.77456
0.12882,0.04861,0.77456
0.12882,0.04861,0.77456
0.12882,0.04861,0.77456
0.12882,0.04861,0.77456
0.12882,0.04861,0.77456
0.12882,0.04861,0.77456
0.12882,0.04861,0.77456
0.12882,0.04861,0.77456
0.12882,0.04861,0.77456
0.12882,0.04861,0.77456
0.12882,0.04861,0.77456
0.12882,0.04861,0.77456
0.12882,0.04861,0.77456
0.12882,0.04861,0.77456
0.12882,0.04861,0.77456
0.12882,0.04861,0.77456
0.12882,0.04861,0.77456
0.12882,0.04861,0.77456
0.12882,0.04861,0.77456
0.12882,0.04861,0.77456
0.12882,0.04861,0.77456
0.12882,0.04861,0.77456
0.12882,0.04861,0.77456
0.12882,0.04861,0.77456
0.12882,0.04861,0.77456
0.12882,0.04861,0.77456
0.12882,0.04861,0.77456
0.12882,0.04861,0.77456
0.12882,0.04861,0.77456
0.12882,0.04861,0.77456
0.12882,0.04861,0.77456
0.12882,0.04861,0.77456
0.12882,0.04861,0.77456
0.12882,0.04861,0.77456
0.12882,0.04861,0.77456
0.12882,0.04861,0.77456
0.12882,0.04861,0.77456
0.12882,0.04861,0.77456
0.12882,0.04861,0.77456
0.12882,0.04861,0.77456
0.12882,0.04861,0.77456
0.12882,0.04861,0.77456
0.12882,0.04861,0.77456
0.12882,0.04861,0.77456
0.12882,0.04861,0.77456
0.12882,0.04861,0.77456
0.12882,0.04861,0.77456
0.12882,0.04861,0.77456
0.12882,0.04861,0.77456
0.12882,0.04861,0.77456
0.12882,0.04861,0.77456
0.12882,0.04861,0.77456
0.12882,0.04861,0.77456
0.12882,0.04861,0.77456
0.12882,0.04861,0.77456
0.12882,0.04861,0.77456
0.12882,0.04861,0.77456
0.12882,0.04861,0.77456
0.12882,0.04861,0.77456
0.12882,0.04861,0.77456
0.12882,0.04861,0.77456
0.12882,0.04861,0.77456
0.12882,0.04861,0.77456
0.12882,0.04861,0.77456
0.12882,0.04861,0.77456
0.12882,0.04861,0.77456
0.12882,0.04861,0.77456
0.12882,0.04861,0.77456
0.12882,0.04861,0.77456
0.12882,0.04861,0.77456
0.12882,0.04861,0.77456
0.12882,0.04861,0.77456
0.12882,0.04861,0.77456
0.12882,0.04861,0.77456
0.12882,0.04861,0.77456
0.12882,0.04861,0.77456
0.12882,0.04861,0.77456
0.12882,0.04861,0.77456
0.12882,0.04861,0.77456
0.12882,0.04861,0.77456
0.12882,0.04861,0.77456
0.12882,0.04861,0.77456
0.12882,0.04861,0.77456
0.12882,0.04861,0.77456
0.12882,0.04861,0.77456
0.12882,0.04861,0.77456
0.12882,0.04861,0.77456
0.12882,0.04861,0.77456
0.12882,0.04861,0.77456
0.12882,0.04861,0.77456
0.12882,0.04861,0.77456
0.12882,0.04861,0.77456
0.12882,0.04861,0.77456
0.12882,0.04861,0.77456
0.12882,0.04861,0.77456
0.12882,0.04861,0.77456
0.12882,0.04861,0.77456
0.12882,0.04861,0.77456
0.12882,0.04861,0.77456
0.12882,0.04861,0.77456
0.12882,0.04861,0.77456
0.12882,0.04861,0.77456
0.12882,0.04861,0.77456
0.12882,0.04861,0.77456
0.12882,0.04861,0.77456
0.12882,0.04861,0.77456
0.12882,0.04861,0.77456
0.12882,0.04861,0.77456
0.12882,0.04861,0.77456
0.12882,0.04861,0.77456
0.12882,0.04861,0.77456
0.12882,0.04861,0.77456
0.12882,0.04861,0.77456
0.12882,0.04861,0.77456
0.12882,0.04861,0.77456
0.12882,0.04861,0.77456
0.12882,0.04861,0.77456
0.12882,0.04861,0.77456
0.12882,0.04861,0.77456
0.12882,0.04861,0.77456
0.12882,0.04861,0.77456
0.12882,0.04861,0.77456
0.12882,0.04861,0.77456
0.12882,0.04861,0.77456
0.12882,0.04861,0.77456
0.12882,0.04861,0.77456
0.12882,0.04861,0.77456
0.12882,0.04861,0.77456
0.12882,0.04861,0.77456
0.12882,0.04861,0.77456
0.12882,0.04861,0.77456
0.12882,0.04861,0.77456
0.12882,0.04861,0.77456
0.12882,0.04861,0.77456
0.12882,0.04861,0.77456
0.12882,0.04861,0.77456
0.12882,0.04861,0.77456
0.12882,0.04861,0.77456
0.12882,0.04861,0.77456
0.12882,0.04861,0.77456
0.12882,0.04861,0.77456
0.12882,0.04861,0.77456
0.12882,0.04861,0.77456
0.12882,0.04861,0.77456
0.12882,0.04861,0.77456
0.12882,0.04861,0.77456
0.12882,0.04861,0.77456
0.12882,0.04861,0.77456
0.12882,0.04861,0.77456
0.12882,0.04861,0.77456
0.12882,0.04861,0.77456
0.12882,0.04861,0.77456
0.12882,0.04861,0.77456
0.12882,0.04861,0.77456
0.12882,0.04861,0.77456
0.12882,0.04861,0.77456
0.12882,0.04861,0.77456
0.12882,0.04861,0.77456
0.12882,0.04861,0.77456
0.12882,0.04861,0.77456
0.12882,0.04861,0.77456
0.12882,0.04861,0.77456
0.12882,0.04861,0.77456
0.12882,0.04861,0.77456
0.12882,0.04861,0.77456
0.12882,0.04861,0.77456
0.12882,0.04861,0.77456
0.12882,0.04861,0.77456
0.12882,0.04861,0.77456
0.12882,0.04861,0.77456
0.12882,0.04861,0.77456
0.12882,0.04861,0.77456
0.12882,0.04861,0.77456
0.12882,0.04861,0.77456
0.12882,0.04861,0.77456
0.12882,0.04861,0.77456
0.12882,0.04861,0.77456
0.12882,0.04861,0.77456
0.12882,0.04861,0.77456
0.12882,0.04861,0.77456
0.12882,0.04861,0.77456
0.12882,0.04861,0.77456
0.12882,0.04861,0.77456
0.12882,0.04861,0.77456
0.12882,0.04861,0.77456
0.12882,0.04861,0.77456
0.12882,0.04861,0.77456
0.12882,0.04861,0.77456
0.12882,0.04861,0.77456
0.12882,0.04861,0.77456
0.12882,0.04861,0.77456
0.12882,0.04861,0.77456
0.12882,0.04861,0.77456
0.12882,0.04861,0.77456
0.12882,0.04861,0.77456
0.12882,0.04861,0.77456
0.12882,0.04861,0.77456
0.12882,0.04861,0.77456
0.12882,0.04861,0.77456
0.12882,0.04861,0.77456
0.12882,0.04861,0.77456
0.12882,0.04861,0.77456
0.12882,0.04861,0.77456
0.12882,0.04861,0.77456
0.12882,0.04861,0.77456
0.12882,0.04861,0.77456
0.12882,0.04861,0.77456
0.12882,0.04861,0.77456
0.12882,0.04861,0.77456
0.12882,0.04861,0.77456
0.12882,0.04861,0.77456
0.12882,0.04861,0.77456
0.12882,0.04861,0.77456
0.12882,0.04861,0.77456
0.12882,0.04861,0.77456
0.12882,0.04861,0.77456
0.12882,0.04861,0.77456
0.12882,0.04861,0.77456
0.12882,0.04861,0.77456
0.12882,0.04861,0.77456
0.12882,0.04861,0.77456
0.12882,0.04861,0.77456
0.12882,0.04861,0.77456
0.12882,0.04861,0.77456
0.12882,0.04861,0.77456
0.12882,0.04861,0.77456
0.12882,0.04861,0.77456
0.12882,0.04861,0.77456
0.12882,0.04861,0.77456
0.12882,0.04861,0.77456
0.12882,0.04861,0.77456
0.12882,0.04861,0.77456
0.12882,0.04861,0.77456
0.12882,0.04861,0.77456
0.12882,0.04861,0.77456
0.12882,0.04861,0.77456
0.12882,0.04861,0.77456
0.12882,0.04861,0.77456
0.12882,0.04861,0.77456
0.12882,0.04861,0.77456
0.12882,0.04861,0.77456
0.12882,0.04861,0.77456
0.12882,0.04861,0.77456
0.12882,0.04861,0.77456
0.12882,0.04861,0.77456
0.12882,0.04861,0.77456
0.12882,0.04861,0.77456
0.12882,0.04861,0.77456
0.12882,0.04861,0.77456
0.12882,0.04861,0.77456
0.12882,0.04861,0.77456
0.12882,0.04861,0.77456
0.12882,0.04861,0.77456
0.12882,0.04861,0.77456
0.12882,0.04861,0.77456
0.12882,0.04861,0.77456
0.12882,0.04861,0.77456
0.12882,0.04861,0.77456
0.12882,0.04861,0.77456
0.12882,0.04861,0.77456
0.12882,0.04861,0.77456
0.12882,0.04861,0.77456
0.12882,0.04861,0.77456
0.12882,0.04861,0.77456
0.12882,0.04861,0.77456
0.12882,0.04861,0.77456
0.12882,0.04861,0.77456
0.12882,0.04861,0.77456
0.12882,0.04861,0.77456
0.12882,0.04861,0.77456
0.12882,0.04861,0.77456
0.12882,0.04861,0.77456
0.12882,0.04861,0.77456
0.12882,0.04861,0.77456
0.12882,0.04861,0.77456
0.12882,0.04861,0.77456
0.12882,0.04861,0.77456
0.12882,0.04861,0.77456
0.12882,0.04861,0.77456
0.12882,0.04861,0.77456
0.12882,0.04861,0.77456
0.12882,0.04861,0.77456
0.12882,0.04861,0.77456
0.12882,0.04861,0.77456
0.12882,0.04861,0.77456
0.12882,0.04861,0.77456
0.12882,0.04861,0.77456
0.12882,0.04861,0.77456
0.12882,0.04861,0.77456
0.12882,0.04861,0.77456
0.12882,0.04861,0.77456
0.12882,0.04861,0.77456
0.12882,0.04861,0.77456
0.12882,0.04861,0.77456
0.12882,0.04861,0.77456
0.12882,0.04861,0.77456
0.12882,0.04861,0.77456
0.12882,0.04861,0.77456
0.12882,0.04861,0.77456
0.12882,0.04861,0.77456
0.12882,0.04861,0.77456
0.12882,0.04861,0.77456
0.12882,0.04861,0.77456
0.12882,0.04861,0.77456
0.12882,0.04861,0.77456
0.12882,0.04861,0.77456
0.12882,0.04861,0.77456
0.12882,0.04861,0.77456
0.12882,0.04861,0.77456
0.12882,0.04861,0.77456
0.12882,0.04861,0.77456
0.12882,0.04861,0.77456
0.12882,0.04861,0.77456
0.12882,0.04861,0.77456
0.12882,0.04861,0.77456
0.12882,0.04861,0.77456
0.12882,0.04861,0.77456
0.12882,0.04861,0.77456
0.12882,0.04861,0.77456
0.12882,0.04861,0.77456
0.12882,0.04861,0.77456
0.12882,0.04861,0.77456
0.12882,0.04861,0.77456
0.12882,0.04861,0.77456
0.12882,0.04861,0.77456
0.12882,0.04861,0.77456
0.12882,0.04861,0.77456
0.12882,0.04861,0.77456
0.12882,0.04861,0.77456
0.12882,0.04861,0.77456
0.12882,0.04861,0.77456
0.12882,0.04861,0.77456
0.12882,0.04861,0.77456
0.12882,0.04861,0.77456
0.12882,0.04861,0.77456
0.12882,0.04861,0.77456
0.12882,0.04861,0.77456
0.12882,0.04861,0.77456
0.12882,0.04861,0.77456
0.12882,0.04861,0.77456
0.12882,0.04861,0.77456
0.12882,0.04861,0.77456
0.12882,0.04861,0.77456
0.12882,0.04861,0.77456
0.12882,0.04861,0.77456
0.12882,0.04861,0.77456
0.12882,0.04861,0.77456
0.12882,0.04861,0.77456
0.12882,0.04861,0.77456
0.12882,0.04861,0.77456
0.12882,0.04861,0.77456
0.12882,0.04861,0.77456
0.12882,0.04861,0.77456
0.12882,0.04861,0.77456
0.12882,0.04861,0.77456
0.12882,0.04861,0.77456
0.12882,0.04861,0.77456
0.12882,0.04861,0.77456
0.12882,0.04861,0.77456
0.12882,0.04861,0.77456
0.12882,0.04861,0.77456
0.12882,0.04861,0.77456
0.12882,0.04861,0.77456
0.12882,0.04861,0.77456
0.12882,0.04861,0.77456
0.12882,0.04861,0.77456
0.12882,0.04861,0.77456
0.12882,0.04861,0.77456
0.12882,0.04861,0.77456
0.12882,0.04861,0.77456
0.12882,0.04861,0.77456
0.12882,0.04861,0.77456
0.12882,0.04861,0.77456
0.12882,0.04861,0.77456
0.12882,0.04861,0.77456
0.12882,0.04861,0.77456
0.12882,0.04861,0.77456
0.12882,0.04861,0.77456
0.12882,0.04861,0.77456
0.12882,0.04861,0.77456
0.12882,0.04861,0.77456
0.12882,0.04861,0.77456
0.12882,0.04861,0.77456
0.12882,0.04861,0.77456
0.12882,0.04861,0.77456
0.12882,0.04861,0.77456
0.12882,0.04861,0.77456
0.12882,0.04861,0.77456
0.12882,0.04861,0.77456
0.12882,0.04861,0.77456
0.12882,0.04861,0.77456
0.12882,0.04861,0.77456
0.12882,0.04861,0.77456
0.12882,0.04861,0.77456
0.12882,0.04861,0.77456
0.12882,0.04861,0.77456
0.12882,0.04861,0.77456
0.12882,0.04861,0.77456
0.12882,0.04861,0.77456
0.12882,0.04861,0.77456
0.12882,0.04861,0.77456
0.12882,0.04861,0.77456
0.12882,0.04861,0.77456
0.12882,0.04861,0.77456
0.12882,0.04861,0.77456
0.12882,0.04861,0.77456
0.12882,0.04861,0.77456
0.12882,0.04861,0.77456
0.12882,0.04861,0.77456
0.12882,0.04861,0.77456
0.12882,0.04861,0.77456
0.12882,0.04861,0.77456
0.12882,0.04861,0.77456
0.12882,0.04861,0.77456
0.12882,0.04861,0.77456
0.12882,0.04861,0.77456
0.12882,0.04861,0.77456
0.12882,0.04861,0.77456
0.12882,0.04861,0.77456
0.12882,0.04861,0.77456
0.12882,0.04861,0.77456
0.12882,0.04861,0.77456
0.12882,0.04861,0.77456
0.12882,0.04861,0.77456
0.12882,0.04861,0.77456
0.12882,0.04861,0.77456
0.12882,0.04861,0.77456
0.12882,0.04861,0.77456
0.12882,0.04861,0.77456
0.12882,0.04861,0.77456
0.12882,0.04861,0.77456
0.12882,0.04861,0.77456
0.12882,0.04861,0.77456
0.12882,0.04861,0.77456
0.12882,0.04861,0.77456
0.12882,0.04861,0.77456
0.12882,0.04861,0.77456
0.12882,0.04861,0.77456
0.12882,0.04861,0.77456
0.12882,0.04861,0.77456
0.12882,0.04861,0.77456
0.12882,0.04861,0.77456
0.12882,0.04861,0.77456
0.12882,0.04861,0.77456
0.12882,0.04861,0.77456
0.12882,0.04861,0.77456
0.12882,0.04861,0.77456
0.12882,0.04861,0.77456
0.12882,0.04861,0.77456
0.12882,0.04861,0.77456
0.12882,0.04861,0.77456
0.12882,0.04861,0.77456
0.12882,0.04861,0.77456
0.12882,0.04861,0.77456
0.12882,0.04861,0.77456
0.12882,0.04861,0.77456
0.12882,0.04861,0.77456
0.12882,0.04861,0.77456
0.12882,0.04861,0.77456
0.12882,0.04861,0.77456
0.12882,0.04861,0.77456
0.12882,0.04861,0.77456
0.12882,0.04861,0.77456
0.12882,0.04861,0.77456
0.12882,0.04861,0.77456
0.12882,0.04861,0.77456
0.12882,0.04861,0.77456
0.12882,0.04861,0.77456
0.12882,0.04861,0.77456
0.12882,0.04861,0.77456
0.12882,0.04861,0.77456
0.12882,0.04861,0.77456
0.12882,0.04861,0.77456
0.12882,0.04861,0.77456
0.12882,0.04861,0.77456
0.12882,0.04861,0.77456
0.12882,0.04861,0.77456
0.12882,0.04861,0.77456
0.12882,0.04861,0.77456
0.12882,0.04861,0.77456
0.12882,0.04861,0.77456
0.12882,0.04861,0.77456
0.12882,0.04861,0.77456
0.12882,0.04861,0.77456
0.12882,0.04861,0.77456
0.12882,0.04861,0.77456
0.12882,0.04861,0.77456
0.12882,0.04861,0.77456
0.12882,0.04861,0.77456
0.12882,0.04861,0.77456
0.12882,0.04861,0.77456
0.12882,0.04861,0.77456
0.12882,0.04861,0.77456
0.12882,0.04861,0.77456
0.12882,0.04861,0.77456
0.12882,0.04861,0.77456
0.12882,0.04861,0.77456
0.12882,0.04861,0.77456
0.12882,0.04861,0.77456
0.12882,0.04861,0.77456
0.12882,0.04861,0.77456
0.12882,0.04861,0.77456
0.12882,0.04861,0.77456
0.12882,0.04861,0.77456
0.12882,0.04861,0.77456
0.12882,0.04861,0.77456
0.12882,0.04861,0.77456
0.12882,0.04861,0.77456
0.12882,0.04861,0.77456
0.12882,0.04861,0.77456
0.12882,0.04861,0.77456
0.12882,0.04861,0.77456
0.12882,0.04861,0.77456
0.12882,0.04861,0.77456
0.12882,0.04861,0.77456
0.12882,0.04861,0.77456
0.12882,0.04861,0.77456
0.12882,0.04861,0.77456
0.12882,0.04861,0.77456
0.12882,0.04861,0.77456
0.12882,0.04861,0.77456
0.12882,0.04861,0.77456
0.12882,0.04861,0.77456
0.12882,0.04861,0.77456
0.12882,0.04861,0.77456
0.12882,0.04861,0.77456
0.12882,0.04861,0.77456
0.12882,0.04861,0.77456
0.12882,0.04861,0.77456
0.12882,0.04861,0.77456
0.12882,0.04861,0.77456
0.12882,0.04861,0.77456
0.12882,0.04861,0.77456
0.12882,0.04861,0.77456
0.12882,0.04861,0.77456
0.12882,0.04861,0.77456
0.12882,0.04861,0.77456
0.12882,0.04861,0.77456
0.12882,0.04861,0.77456
0.12882,0.04861,0.77456
0.12882,0.04861,0.77456
0.12882,0.04861,0.77456
0.12882,0.04861,0.77456
0.12882,0.04861,0.77456
0.12882,0.04861,0.77456
0.12882,0.04861,0.77456
0.12882,0.04861,0.77456
0.12882,0.04861,0.77456
0.12882,0.04861,0.77456
0.12882,0.04861,0.77456
0.12882,0.04861,0.77456
0.12882,0.04861,0.77456
0.12882,0.04861,0.77456
0.12882,0.04861,0.77456
0.12882,0.04861,0.77456
0.12882,0.04861,0.77456
0.12882,0.04861,0.77456
0.12882,0.04861,0.77456
0.12882,0.04861,0.77456
0.12882,0.04861,0.77456
0.12882,0.04861,0.77456
0.12882,0.04861,0.77456
0.12882,0.04861,0.77456
0.12882,0.04861,0.77456
0.12882,0.04861,0.77456
0.12882,0.04861,0.77456
0.12882,0.04861,0.77456
0.12882,0.04861,0.77456
0.12882,0.04861,0.77456
0.12882,0.04861,0.77456
0.12882,0.04861,0.77456
0.12882,0.04861,0.77456
0.12882,0.04861,0.77456
0.12882,0.04861,0.77456
0.12882,0.04861,0.77456
0.12882,0.04861,0.77456
0.12882,0.04861,0.77456
0.12882,0.04861,0.77456
0.12882,0.04861,0.77456
0.12882,0.04861,0.77456
0.12882,0.04861,0.77456
0.12882,0.04861,0.77456
0.12882,0.04861,0.77456
0.12882,0.04861,0.77456
0.12882,0.04861,0.77456
0.12882,0.04861,0.77456
0.12882,0.04861,0.77456
0.12882,0.04861,0.77456
0.12882,0.04861,0.77456
0.12882,0.04861,0.77456
0.12882,0.04861,0.77456
0.12882,0.04861,0.77456
0.12882,0.04861,0.77456
0.12882,0.04861,0.77456
0.12882,0.04861,0.77456
0.12882,0.04861,0.77456
0.12882,0.04861,0.77456
0.12882,0.04861,0.77456
0.12882,0.04861,0.77456
0.12882,0.04861,0.77456
0.12882,0.04861,0.77456
0.12882,0.04861,0.77456
0.12882,0.04861,0.77456
0.12882,0.04861,0.77456
0.12882,0.04861,0.77456
0.12882,0.04861,0.77456
0.12882,0.04861,0.77456
0.12882,0.04861,0.77456
0.12882,0.04861,0.77456
0.12882,0.04861,0.77456
0.12882,0.04861,0.77456
0.12882,0.04861,0.77456
0.12882,0.04861,0.77456
0.12882,0.04861,0.77456
0.12882,0.04861,0.77456
0.12882,0.04861,0.77456
0.12882,0.04861,0.77456
0.12882,0.04861,0.77456
0.12882,0.04861,0.77456
0.12882,0.04861,0.77456
0.12882,0.04861,0.77456
0.12882,0.04861,0.77456
0.12882,0.04861,0.77456
0.12882,0.04861,0.77456
0.12882,0.04861,0.77456
0.12882,0.04861,0.77456
0.12882,0.04861,0.77456
0.12882,0.04861,0.77456
0.12882,0.04861,0.77456
0.12882,0.04861,0.77456
0.12882,0.04861,0.77456
0.12882,0.04861,0.77456
0.12882,0.04861,0.77456
0.12882,0.04861,0.77456
0.12882,0.04861,0.77456
0.12882,0.04861,0.77456
0.12882,0.04861,0.77456
0.12882,0.04861,0.77456
0.12882,0.04861,0.77456
0.12882,0.04861,0.77456
0.12882,0.04861,0.77456
0.12882,0.04861,0.77456
0.12882,0.04861,0.77456
0.12882,0.04861,0.77456
0.12882,0.04861,0.77456
0.12882,0.04861,0.77456
0.12882,0.04861,0.77456
0.12882,0.04861,0.77456
0.12882,0.04861,0.77456
0.12882,0.04861,0.77456
0.12882,0.04861,0.77456
0.12882,0.04861,0.77456
0.12882,0.04861,0.77456
0.12882,0.04861,0.77456
0.12882,0.04861,0.77456
0.12882,0.04861,0.77456
0.12882,0.04861,0.77456
0.12882,0.04861,0.77456
0.12882,0.04861,0.77456
0.12882,0.04861,0.77456
0.12882,0.04861,0.77456
0.12882,0.04861,0.77456
0.12882,0.04861,0.77456
0.12882,0.04861,0.77456
0.12882,0.04861,0.77456
0.12882,0.04861,0.77456
0.12882,0.04861,0.77456
0.12882,0.04861,0.77456
0.12882,0.04861,0.77456
0.12882,0.04861,0.77456
0.12882,0.04861,0.77456
0.12882,0.04861,0.77456
0.12882,0.04861,0.77456
0.12882,0.04861,0.77456
0.12882,0.04861,0.77456
0.12882,0.04861,0.77456
0.12882,0.04861,0.77456
0.12882,0.04861,0.77456
0.12882,0.04861,0.77456
0.12882,0.04861,0.77456
0.12882,0.04861,0.77456
0.12882,0.04861,0.77456
0.12882,0.04861,0.77456
0.12882,0.04861,0.77456
0.12882,0.04861,0.77456
0.12882,0.04861,0.77456
0.12882,0.04861,0.77456
0.12882,0.04861,0.77456
0.12882,0.04861,0.77456
0.12882,0.04861,0.77456
0.12882,0.04861,0.77456
0.12882,0.04861,0.77456
0.12882,0.04861,0.77456
0.12882,0.04861,0.77456
0.12882,0.04861,0.77456
0.12882,0.04861,0.77456
0.12882,0.04861,0.77456
0.12882,0.04861,0.77456
0.12882,0.04861,0.77456
0.12882,0.04861,0.77456
0.12882,0.04861,0.77456
0.12882,0.04861,0.77456
0.12882,0.04861,0.77456
0.12882,0.04861,0.77456
0.12882,0.04861,0.77456
0.12882,0.04861,0.77456
0.12882,0.04861,0.77456
0.12882,0.04861,0.77456
0.12882,0.04861,0.77456
0.12882,0.04861,0.77456
0.12882,0.04861,0.77456
0.12882,0.04861,0.77456
0.12882,0.04861,0.77456
0.12882,0.04861,0.77456
0.12882,0.04861,0.77456
0.12882,0.04861,0.77456
0.12882,0.04861,0.77456
0.12882,0.04861,0.77456
0.12882,0.04861,0.77456
0.12882,0.04861,0.77456
0.12882,0.04861,0.77456
0.12882,0.04861,0.77456
0.12882,0.04861,0.77456
0.12882,0.04861,0.77456
0.12882,0.04861,0.77456
0.12882,0.04861,0.77456
0.12882,0.04861,0.77456
0.12882,0.04861,0.77456
0.12882,0.04861,0.77456
0.12882,0.04861,0.77456
0.12882,0.04861,0.77456
0.12882,0.04861,0.77456
0.12882,0.04861,0.77456
0.12882,0.04861,0.77456
0.12882,0.04861,0.77456
0.12882,0.04861,0.77456
0.12882,0.04861,0.77456
0.12882,0.04861,0.77456
0.12882,0.04861,0.77456
0.12882,0.04861,0.77456
0.12882,0.04861,0.77456
0.12882,0.04861,0.77456
0.12882,0.04861,0.77456
0.12882,0.04861,0.77456
0.12882,0.04861,0.77456
0.12882,0.04861,0.77456
0.12882,0.04861,0.77456
0.12882,0.04861,0.77456
0.12882,0.04861,0.77456
0.12882,0.04861,0.77456
0.12882,0.04861,0.77456
0.12882,0.04861,0.77456
0.12882,0.04861,0.77456
0.12882,0.04861,0.77456
0.12882,0.04861,0.77456
0.12882,0.04861,0.77456
0.12882,0.04861,0.77456
0.12882,0.04861,0.77456
0.12882,0.04861,0.77456
0.12882,0.04861,0.77456
0.12882,0.04861,0.77456
0.12882,0.04861,0.77456
0.12882,0.04861,0.77456
0.12882,0.04861,0.77456
0.12882,0.04861,0.77456
0.12882,0.04861,0.77456
0.12882,0.04861,0.77456
0.12882,0.04861,0.77456
0.12882,0.04861,0.77456
0.12882,0.04861,0.77456
0.12882,0.04861,0.77456
0.12882,0.04861,0.77456
0.12882,0.04861,0.77456
0.12882,0.04861,0.77456
0.12882,0.04861,0.77456
0.12882,0.04861,0.77456
0.12882,0.04861,0.77456
0.12882,0.04861,0.77456
0.12882,0.04861,0.77456
0.12882,0.04861,0.77456
0.12882,0.04861,0.77456
0.12882,0.04861,0.77456
0.12882,0.04861,0.77456
0.12882,0.04861,0.77456
0.12882,0.04861,0.77456
0.12882,0.04861,0.77456
0.12882,0.04861,0.77456
0.12882,0.04861,0.77456
0.12882,0.04861,0.77456
0.12882,0.04861,0.77456
0.12882,0.04861,0.77456
0.12882,0.04861,0.77456
0.12882,0.04861,0.77456
0.12882,0.04861,0.77456
0.12882,0.04861,0.77456
0.12882,0.04861,0.77456
0.12882,0.04861,0.77456
0.12882,0.04861,0.77456
0.12882,0.04861,0.77456
0.12882,0.04861,0.77456
0.12882,0.04861,0.77456
0.12882,0.04861,0.77456
0.12882,0.04861,0.77456
0.12882,0.04861,0.77456
0.12882,0.04861,0.77456
0.12882,0.04861,0.77456
0.12882,0.04861,0.77456
0.12882,0.04861,0.77456
0.12882,0.04861,0.77456
0.12882,0.04861,0.77456
0.12882,0.04861,0.77456
0.12882,0.04861,0.77456
0.12882,0.04861,0.77456
0.12882,0.04861,0.77456
0.12882,0.04861,0.77456
0.12882,0.04861,0.77456
0.12882,0.04861,0.77456
0.12882,0.04861,0.77456
0.12882,0.04861,0.77456
0.12882,0.04861,0.77456
0.12882,0.04861,0.77456
0.12882,0.04861,0.77456
0.12882,0.04861,0.77456
0.12882,0.04861,0.77456
0.12882,0.04861,0.77456
0.12882,0.04861,0.77456
0.12882,0.04861,0.77456
0.12882,0.04861,0.77456
0.12882,0.04861,0.77456
0.12882,0.04861,0.77456
0.12882,0.04861,0.77456
0.12882,0.04861,0.77456
0.12882,0.04861,0.77456
0.12882,0.04861,0.77456
0.12882,0.04861,0.77456
0.12882,0.04861,0.77456
0.12882,0.04861,0.77456
0.12882,0.04861,0.77456
0.12882,0.04861,0.77456
0.12882,0.04861,0.77456
0.12882,0.04861,0.77456
0.12882,0.04861,0.77456
0.12882,0.04861,0.77456
0.12882,0.04861,0.77456
0.12882,0.04861,0.77456
0.12882,0.04861,0.77456
0.12882,0.04861,0.77456
0.12882,0.04861,0.77456
0.12882,0.04861,0.77456
0.12882,0.04861,0.77456
0.12882,0.04861,0.77456
0.12882,0.04861,0.77456
0.12882,0.04861,0.77456
0.12882,0.04861,0.77456
0.12882,0.04861,0.77456
0.12882,0.04861,0.77456
0.12882,0.04861,0.77456
0.12882,0.04861,0.77456
0.12882,0.04861,0.77456
0.12882,0.04861,0.77456
0.12882,0.04861,0.77456
0.12882,0.04861,0.77456
0.12882,0.04861,0.77456
0.12882,0.04861,0.77456
0.12882,0.04861,0.77456
0.12882,0.04861,0.77456
0.12882,0.04861,0.77456
0.12882,0.04861,0.77456
0.12882,0.04861,0.77456
0.12882,0.04861,0.77456
0.12882,0.04861,0.77456
0.12882,0.04861,0.77456
0.12882,0.04861,0.77456
0.12882,0.04861,0.77456
0.12882,0.04861,0.77456
0.12882,0.04861,0.77456
0.12882,0.04861,0.77456
0.12882,0.04861,0.77456
0.12882,0.04861,0.77456
0.12882,0.04861,0.77456
0.12882,0.04861,0.77456
0.12882,0.04861,0.77456
0.12882,0.04861,0.77456
0.12882,0.04861,0.77456
0.12882,0.04861,0.77456
0.12882,0.04861,0.77456
0.12882,0.04861,0.77456
0.12882,0.04861,0.77456
0.12882,0.04861,0.77456
0.12882,0.04861,0.77456
0.12882,0.04861,0.77456
0.12882,0.04861,0.77456
0.12882,0.04861,0.77456
0.12882,0.04861,0.77456
0.12882,0.04861,0.77456
0.12882,0.04861,0.77456
0.12882,0.04861,0.77456
0.12882,0.04861,0.77456
0.12882,0.04861,0.77456
0.12882,0.04861,0.77456
0.12882,0.04861,0.77456
0.12882,0.04861,0.77456
0.12882,0.04861,0.77456
0.12882,0.04861,0.77456
0.12882,0.04861,0.77456
0.12882,0.04861,0.77456
0.12882,0.04861,0.77456
0.12882,0.04861,0.77456
0.12882,0.04861,0.77456
0.12882,0.04861,0.77456
0.12882,0.04861,0.77456
0.12882,0.04861,0.77456
0.12882,0.04861,0.77456
0.12882,0.04861,0.77456
0.12882,0.04861,0.77456
0.12882,0.04861,0.77456
0.12882,0.04861,0.77456
0.12882,0.04861,0.77456
0.12882,0.04861,0.77456
0.12882,0.04861,0.77456
0.12882,0.04861,0.77456
0.12882,0.04861,0.77456
0.12882,0.04861,0.77456
0.12882,0.04861,0.77456
0.12882,0.04861,0.77456
0.12882,0.04861,0.77456
0.12882,0.04861,0.77456
0.12882,0.04861,0.77456
0.12882,0.04861,0.77456
0.12882,0.04861,0.77456
0.12882,0.04861,0.77456
0.12882,0.04861,0.77456
0.12882,0.04861,0.77456
0.12882,0.04861,0.77456
0.12882,0.04861,0.77456
0.12882,0.04861,0.77456
0.12882,0.04861,0.77456
0.12882,0.04861,0.77456
0.12882,0.04861,0.77456
0.12882,0.04861,0.77456
0.12882,0.04861,0.77456
0.12882,0.04861,0.77456
0.12882,0.04861,0.77456
0.12882,0.04861,0.77456
0.12882,0.04861,0.77456
0.12882,0.04861,0.77456
0.12882,0.04861,0.77456
0.12882,0.04861,0.77456
0.12882,0.04861,0.77456
0.12882,0.04861,0.77456
0.12882,0.04861,0.77456
0.12882,0.04861,0.77456
0.12882,0.04861,0.77456
0.12882,0.04861,0.77456
0.12882,0.04861,0.77456
0.12882,0.04861,0.77456
0.12882,0.04861,0.77456
0.12882,0.04861,0.77456
0.12882,0.04861,0.77456
0.12882,0.04861,0.77456
0.12882,0.04861,0.77456
0.12882,0.04861,0.77456
0.12882,0.04861,0.77456
0.12882,0.04861,0.77456
0.12882,0.04861,0.77456
0.12882,0.04861,0.77456
0.12882,0.04861,0.77456
0.12882,0.04861,0.77456
0.12882,0.04861,0.77456
0.12882,0.04861,0.77456
0.12882,0.04861,0.77456
0.12882,0.04861,0.77456
0.12882,0.04861,0.77456
0.12882,0.04861,0.77456
0.12882,0.04861,0.77456
0.12882,0.04861,0.77456
0.12882,0.04861,0.77456
0.12882,0.04861,0.77456
0.12882,0.04861,0.77456
0.12882,0.04861,0.77456
0.12882,0.04861,0.77456
0.12882,0.04861,0.77456
0.12882,0.04861,0.77456
0.12882,0.04861,0.77456
0.12882,0.04861,0.77456
0.12882,0.04861,0.77456
0.12882,0.04861,0.77456
0.12882,0.04861,0.77456
0.12882,0.04861,0.77456
0.12882,0.04861,0.77456
0.12882,0.04861,0.77456
0.12882,0.04861,0.77456
0.12882,0.04861,0.77456
0.12882,0.04861,0.77456
0.12882,0.04861,0.77456
0.12882,0.04861,0.77456
0.12882,0.04861,0.77456
0.12882,0.04861,0.77456
0.12882,0.04861,0.77456
0.12882,0.04861,0.77456
0.12882,0.04861,0.77456
0.12882,0.04861,0.77456
0.12882,0.04861,0.77456
0.12882,0.04861,0.77456
0.12882,0.04861,0.77456
0.12882,0.04861,0.77456
0.12882,0.04861,0.77456
0.12882,0.04861,0.77456
0.12882,0.04861,0.77456
0.12882,0.04861,0.77456
0.12882,0.04861,0.77456
0.12882,0.04861,0.77456
0.12882,0.04861,0.77456
0.12882,0.04861,0.77456
0.12882,0.04861,0.77456
0.12882,0.04861,0.77456
0.12882,0.04861,0.77456
0.12882,0.04861,0.77456
0.12882,0.04861,0.77456
0.12882,0.04861,0.77456
0.12882,0.04861,0.77456
0.12882,0.04861,0.77456
0.12882,0.04861,0.77456
0.12882,0.04861,0.77456
0.12882,0.04861,0.77456
0.12882,0.04861,0.77456
0.12882,0.04861,0.77456
0.12882,0.04861,0.77456
0.12882,0.04861,0.77456
0.12882,0.04861,0.77456
0.12882,0.04861,0.77456
0.12882,0.04861,0.77456
0.12882,0.04861,0.77456
0.12882,0.04861,0.77456
0.12882,0.04861,0.77456
0.12882,0.04861,0.77456
0.12882,0.04861,0.77456
0.12882,0.04861,0.77456
0.12882,0.04861,0.77456
0.12882,0.04861,0.77456
0.12882,0.04861,0.77456
0.12882,0.04861,0.77456
0.12882,0.04861,0.77456
0.12882,0.04861,0.77456
0.12882,0.04861,0.77456
0.12882,0.04861,0.77456
0.12882,0.04861,0.77456
0.12882,0.04861,0.77456
0.12882,0.04861,0.77456
0.12882,0.04861,0.77456
0.12882,0.04861,0.77456
0.12882,0.04861,0.77456
0.12882,0.04861,0.77456
0.12882,0.04861,0.77456
0.12882,0.04861,0.77456
0.12882,0.04861,0.77456
0.12882,0.04861,0.77456
0.12882,0.04861,0.77456
0.12882,0.04861,0.77456
0.12882,0.04861,0.77456
0.12882,0.04861,0.77456
0.12882,0.04861,0.77456
0.12882,0.04861,0.77456
0.12882,0.04861,0.77456
0.12882,0.04861,0.77456
0.12882,0.04861,0.77456
0.12882,0.04861,0.77456
0.12882,0.04861,0.77456
0.12882,0.04861,0.77456
0.12882,0.04861,0.77456
0.12882,0.04861,0.77456
0.12882,0.04861,0.77456
0.12882,0.04861,0.77456
0.12882,0.04861,0.77456
0.12882,0.04861,0.77456
0.12882,0.04861,0.77456
0.12882,0.04861,0.77456
0.12882,0.04861,0.77456
0.12882,0.04861,0.77456
0.12882,0.04861,0.77456
0.12882,0.04861,0.77456
0.12882,0.04861,0.77456
0.12882,0.04861,0.77456
0.12882,0.04861,0.77456
0.12882,0.04861,0.77456
0.12882,0.04861,0.77456
0.12882,0.04861,0.77456
0.12882,0.04861,0.77456
0.12882,0.04861,0.77456
0.12882,0.04861,0.77456
0.12882,0.04861,0.77456
0.12882,0.04861,0.77456
0.12882,0.04861,0.77456
0.12882,0.04861,0.77456
0.12882,0.04861,0.77456
0.12882,0.04861,0.77456
0.12882,0.04861,0.77456
0.12882,0.04861,0.77456
0.12882,0.04861,0.77456
0.12882,0.04861,0.77456
0.12882,0.04861,0.77456
0.12882,0.04861,0.77456
0.12882,0.04861,0.77456
0.12882,0.04861,0.77456
0.12882,0.04861,0.77456
0.12882,0.04861,0.77456
0.12882,0.04861,0.77456
0.12882,0.04861,0.77456
0.12882,0.04861,0.77456
0.12882,0.04861,0.77456
0.12882,0.04861,0.77456
0.12882,0.04861,0.77456
0.12882,0.04861,0.77456
0.12882,0.04861,0.77456
0.12882,0.04861,0.77456
0.12882,0.04861,0.77456
0.12882,0.04861,0.77456
0.12882,0.04861,0.77456
0.12882,0.04861,0.77456
0.12882,0.04861,0.77456
0.12882,0.04861,0.77456
0.12882,0.04861,0.77456
0.12882,0.04861,0.77456
0.12882,0.04861,0.77456
0.12882,0.04861,0.77456
0.12882,0.04861,0.77456
0.12882,0.04861,0.77456
0.12882,0.04861,0.77456
0.12882,0.04861,0.77456
0.12882,0.04861,0.77456
0.12882,0.04861,0.77456
0.12882,0.04861,0.77456
0.12882,0.04861,0.77456
0.12882,0.04861,0.77456
0.12882,0.04861,0.77456
0.12882,0.04861,0.77456
0.12882,0.04861,0.77456
0.12882,0.04861,0.77456
0.12882,0.04861,0.77456
0.12882,0.04861,0.77456
0.12882,0.04861,0.77456
0.12882,0.04861,0.77456
0.12882,0.04861,0.77456
0.12882,0.04861,0.77456
0.12882,0.04861,0.77456
0.12882,0.04861,0.77456
0.12882,0.04861,0.77456
0.12882,0.04861,0.77456
0.12882,0.04861,0.77456
0.12882,0.04861,0.77456
0.12882,0.04861,0.77456
0.12882,0.04861,0.77456
0.12882,0.04861,0.77456
0.12882,0.04861,0.77456
0.12882,0.04861,0.77456
0.12882,0.04861,0.77456
0.12882,0.04861,0.77456
0.12882,0.04861,0.77456
0.12882,0.04861,0.77456
0.12882,0.04861,0.77456
0.12882,0.04861,0.77456
0.12882,0.04861,0.77456
0.12882,0.04861,0.77456
0.12882,0.04861,0.77456
0.12882,0.04861,0.77456
0.12882,0.04861,0.77456
0.12882,0.04861,0.77456
0.12882,0.04861,0.77456
0.12882,0.04861,0.77456
0.12882,0.04861,0.77456
0.12882,0.04861,0.77456
0.12882,0.04861,0.77456
0.12882,0.04861,0.77456
0.12882,0.04861,0.77456
0.12882,0.04861,0.77456
0.12882,0.04861,0.77456
0.12882,0.04861,0.77456
0.12882,0.04861,0.77456
0.12882,0.04861,0.77456
0.12882,0.04861,0.77456
0.12882,0.04861,0.77456
0.12882,0.04861,0.77456
0.12882,0.04861,0.77456
0.12882,0.04861,0.77456
0.12882,0.04861,0.77456
0.12882,0.04861,0.77456
0.12882,0.04861,0.77456
0.12882,0.04861,0.77456
0.12882,0.04861,0.77456
0.12882,0.04861,0.77456
0.12882,0.04861,0.77456
0.12882,0.04861,0.77456
0.12882,0.04861,0.77456
0.12882,0.04861,0.77456
0.12882,0.04861,0.77456
0.12882,0.04861,0.77456
0.12882,0.04861,0.77456
0.12882,0.04861,0.77456
0.12882,0.04861,0.77456
0.12882,0.04861,0.77456
0.12882,0.04861,0.77456
0.12882,0.04861,0.77456
0.12882,0.04861,0.77456
0.12882,0.04861,0.77456
0.12882,0.04861,0.77456
0.12882,0.04861,0.77456
0.12882,0.04861,0.77456
0.12882,0.04861,0.77456
0.12882,0.04861,0.77456
0.12882,0.04861,0.77456
0.12882,0.04861,0.77456
0.12882,0.04861,0.77456
0.12882,0.04861,0.77456
0.12882,0.04861,0.77456
0.12882,0.04861,0.77456
0.12882,0.04861,0.77456
0.12882,0.04861,0.77456
0.12882,0.04861,0.77456
0.12882,0.04861,0.77456
0.12882,0.04861,0.77456
0.12882,0.04861,0.77456
0.12882,0.04861,0.77456
0.12882,0.04861,0.77456
0.12882,0.04861,0.77456
0.12882,0.04861,0.77456
0.12882,0.04861,0.77456
0.12882,0.04861,0.77456
0.12882,0.04861,0.77456
0.12882,0.04861,0.77456
0.12882,0.04861,0.77456
0.12882,0.04861,0.77456
0.12882,0.04861,0.77456
0.12882,0.04861,0.77456
0.12882,0.04861,0.77456
0.12882,0.04861,0.77456
0.12882,0.04861,0.77456
0.12882,0.04861,0.77456
0.12882,0.04861,0.77456
0.12882,0.04861,0.77456
0.12882,0.04861,0.77456
0.12882,0.04861,0.77456
0.12882,0.04861,0.77456
0.12882,0.04861,0.77456
0.12882,0.04861,0.77456
0.12882,0.04861,0.77456
0.12882,0.04861,0.77456
0.12882,0.04861,0.77456
0.12882,0.04861,0.77456
0.12882,0.04861,0.77456
0.12882,0.04861,0.77456
0.12882,0.04861,0.77456
0.12882,0.04861,0.77456
0.12882,0.04861,0.77456
0.12882,0.04861,0.77456
0.12882,0.04861,0.77456
0.12882,0.04861,0.77456
0.12882,0.04861,0.77456
0.12882,0.04861,0.77456
0.12882,0.04861,0.77456
0.12882,0.04861,0.77456
0.12882,0.04861,0.77456
0.12882,0.04861,0.77456
0.12882,0.04861,0.77456
0.12882,0.04861,0.77456
0.12882,0.04861,0.77456
0.12882,0.04861,0.77456
0.12882,0.04861,0.77456
0.12882,0.04861,0.77456
0.12882,0.04861,0.77456
0.12882,0.04861,0.77456
0.12882,0.04861,0.77456
0.12882,0.04861,0.77456
0.12882,0.04861,0.77456
0.12882,0.04861,0.77456
0.12882,0.04861,0.77456
0.12882,0.04861,0.77456
0.12882,0.04861,0.77456
0.12882,0.04861,0.77456
0.12882,0.04861,0.77456
0.12882,0.04861,0.77456
0.12882,0.04861,0.77456
0.12882,0.04861,0.77456
0.12882,0.04861,0.77456
0.12882,0.04861,0.77456
0.12882,0.04861,0.77456
0.12882,0.04861,0.77456
0.12882,0.04861,0.77456
0.12882,0.04861,0.77456
0.12882,0.04861,0.77456
0.12882,0.04861,0.77456
0.12882,0.04861,0.77456
0.12882,0.04861,0.77456
0.12882,0.04861,0.77456
0.12882,0.04861,0.77456
0.12882,0.04861,0.77456
0.12882,0.04861,0.77456
0.12882,0.04861,0.77456
0.12754,0.06857,0.82947
0.12754,0.06857,0.82947
0.12754,0.06857,0.82947
0.12754,0.06857,0.82947
0.12754,0.06857,0.82947
0.12754,0.06857,0.82947
0.12754,0.06857,0.82947
0.12754,0.06857,0.82947
0.12754,0.06857,0.82947
0.12754,0.06857,0.82947
0.12754,0.06857,0.82947
0.12754,0.06857,0.82947
0.12754,0.06857,0.82947
0.12754,0.06857,0.82947
0.12754,0.06857,0.82947
0.12754,0.06857,0.82947
0.12754,0.06857,0.82947
0.12754,0.06857,0.82947
0.12754,0.06857,0.82947
0.12754,0.06857,0.82947
0.12754,0.06857,0.82947
0.12754,0.06857,0.82947
0.12754,0.06857,0.82947
0.12754,0.06857,0.82947
0.12754,0.06857,0.82947
0.12754,0.06857,0.82947
0.12754,0.06857,0.82947
0.12754,0.06857,0.82947
0.12754,0.06857,0.82947
0.12754,0.06857,0.82947
0.12754,0.06857,0.82947
0.12754,0.06857,0.82947
0.12754,0.06857,0.82947
0.12754,0.06857,0.82947
0.12754,0.06857,0.82947
0.12754,0.06857,0.82947
0.12754,0.06857,0.82947
0.12754,0.06857,0.82947
0.12754,0.06857,0.82947
0.12754,0.06857,0.82947
0.12754,0.06857,0.82947
0.12754,0.06857,0.82947
0.12754,0.06857,0.82947
0.12754,0.06857,0.82947
0.12754,0.06857,0.82947
0.12754,0.06857,0.82947
0.12754,0.06857,0.82947
0.12754,0.06857,0.82947
0.12754,0.06857,0.82947
0.12754,0.06857,0.82947
0.12754,0.06857,0.82947
0.12754,0.06857,0.82947
0.12754,0.06857,0.82947
0.12754,0.06857,0.82947
0.12754,0.06857,0.82947
0.12754,0.06857,0.82947
0.12754,0.06857,0.82947
0.12754,0.06857,0.82947
0.12754,0.06857,0.82947
0.12754,0.06857,0.82947
0.12754,0.06857,0.82947
0.12754,0.06857,0.82947
0.12754,0.06857,0.82947
0.12754,0.06857,0.82947
0.12754,0.06857,0.82947
0.12754,0.06857,0.82947
0.12754,0.06857,0.82947
0.12754,0.06857,0.82947
0.12754,0.06857,0.82947
0.12754,0.06857,0.82947
0.12754,0.06857,0.82947
0.12754,0.06857,0.82947
0.12754,0.06857,0.82947
0.12754,0.06857,0.82947
0.12754,0.06857,0.82947
0.12754,0.06857,0.82947
0.12754,0.06857,0.82947
0.12754,0.06857,0.82947
0.12754,0.06857,0.82947
0.12754,0.06857,0.82947
0.12754,0.06857,0.82947
0.12754,0.06857,0.82947
0.12754,0.06857,0.82947
0.12754,0.06857,0.82947
0.12754,0.06857,0.82947
0.12754,0.06857,0.82947
0.12754,0.06857,0.82947
0.12754,0.06857,0.82947
0.12754,0.06857,0.82947
0.12754,0.06857,0.82947
0.12754,0.06857,0.82947
0.12754,0.06857,0.82947
0.12754,0.06857,0.82947
0.12754,0.06857,0.82947
0.12754,0.06857,0.82947
0.12754,0.06857,0.82947
0.12754,0.06857,0.82947
0.12754,0.06857,0.82947
0.12754,0.06857,0.82947
0.12754,0.06857,0.82947
0.12754,0.06857,0.82947
0.12754,0.06857,0.82947
0.12754,0.06857,0.82947
0.12754,0.06857,0.82947
0.12754,0.06857,0.82947
0.12754,0.06857,0.82947
0.12754,0.06857,0.82947
0.12754,0.06857,0.82947
0.12754,0.06857,0.82947
0.12754,0.06857,0.82947
0.12754,0.06857,0.82947
0.12754,0.06857,0.82947
0.12754,0.06857,0.82947
0.12754,0.06857,0.82947
0.12754,0.06857,0.82947
0.12754,0.06857,0.82947
0.12754,0.06857,0.82947
0.12754,0.06857,0.82947
0.12754,0.06857,0.82947
0.12754,0.06857,0.82947
0.12754,0.06857,0.82947
0.12754,0.06857,0.82947
0.12754,0.06857,0.82947
0.12754,0.06857,0.82947
0.12754,0.06857,0.82947
0.12754,0.06857,0.82947
0.12754,0.06857,0.82947
0.12754,0.06857,0.82947
0.12754,0.06857,0.82947
0.12754,0.06857,0.82947
0.12754,0.06857,0.82947
0.12754,0.06857,0.82947
0.12754,0.06857,0.82947
0.12754,0.06857,0.82947
0.12754,0.06857,0.82947
0.12754,0.06857,0.82947
0.12754,0.06857,0.82947
0.12754,0.06857,0.82947
0.12754,0.06857,0.82947
0.12754,0.06857,0.82947
0.12754,0.06857,0.82947
0.12754,0.06857,0.82947
0.12754,0.06857,0.82947
0.12754,0.06857,0.82947
0.12754,0.06857,0.82947
0.12754,0.06857,0.82947
0.12754,0.06857,0.82947
0.12754,0.06857,0.82947
0.12754,0.06857,0.82947
0.12754,0.06857,0.82947
0.12754,0.06857,0.82947
0.12754,0.06857,0.82947
0.12754,0.06857,0.82947
0.12754,0.06857,0.82947
0.12754,0.06857,0.82947
0.12754,0.06857,0.82947
0.12754,0.06857,0.82947
0.12754,0.06857,0.82947
0.12754,0.06857,0.82947
0.12754,0.06857,0.82947
0.12754,0.06857,0.82947
0.12754,0.06857,0.82947
0.12754,0.06857,0.82947
0.12754,0.06857,0.82947
0.12754,0.06857,0.82947
0.12754,0.06857,0.82947
0.12754,0.06857,0.82947
0.12754,0.06857,0.82947
0.12754,0.06857,0.82947
0.12754,0.06857,0.82947
0.12754,0.06857,0.82947
0.12754,0.06857,0.82947
0.12754,0.06857,0.82947
0.12754,0.06857,0.82947
0.12754,0.06857,0.82947
0.12754,0.06857,0.82947
0.12754,0.06857,0.82947
0.12754,0.06857,0.82947
0.12754,0.06857,0.82947
0.12754,0.06857,0.82947
0.12754,0.06857,0.82947
0.12754,0.06857,0.82947
0.12754,0.06857,0.82947
0.12754,0.06857,0.82947
0.12754,0.06857,0.82947
0.12754,0.06857,0.82947
0.12754,0.06857,0.82947
0.12754,0.06857,0.82947
0.12754,0.06857,0.82947
0.12754,0.06857,0.82947
0.12754,0.06857,0.82947
0.12754,0.06857,0.82947
0.12754,0.06857,0.82947
0.12754,0.06857,0.82947
0.12754,0.06857,0.82947
0.12754,0.06857,0.82947
0.12754,0.06857,0.82947
0.12754,0.06857,0.82947
0.12754,0.06857,0.82947
0.12754,0.06857,0.82947
0.12754,0.06857,0.82947
0.12754,0.06857,0.82947
0.12754,0.06857,0.82947
0.12754,0.06857,0.82947
0.12754,0.06857,0.82947
0.12754,0.06857,0.82947
0.12754,0.06857,0.82947
0.12754,0.06857,0.82947
0.12754,0.06857,0.82947
0.12754,0.06857,0.82947
0.12754,0.06857,0.82947
0.12754,0.06857,0.82947
0.12754,0.06857,0.82947
0.12754,0.06857,0.82947
0.12754,0.06857,0.82947
0.12754,0.06857,0.82947
0.12754,0.06857,0.82947
0.12754,0.06857,0.82947
0.12754,0.06857,0.82947
0.12754,0.06857,0.82947
0.12754,0.06857,0.82947
0.12754,0.06857,0.82947
0.12754,0.06857,0.82947
0.12626,0.08853,0.89497
0.12626,0.08853,0.89497
0.12626,0.08853,0.89497
0.12626,0.08853,0.89497
0.12626,0.08853,0.89497
0.12626,0.08853,0.89497
0.12626,0.08853,0.89497
0.12626,0.08853,0.89497
0.12626,0.08853,0.89497
0.12626,0.08853,0.89497
0.12626,0.08853,0.89497
0.12626,0.08853,0.89497
0.12626,0.08853,0.89497
0.12626,0.08853,0.89497
0.12626,0.08853,0.89497
0.12626,0.08853,0.89497
0.12626,0.08853,0.89497
0.12626,0.08853,0.89497
0.12626,0.08853,0.89497
0.12626,0.08853,0.89497
0.12626,0.08853,0.89497
0.12626,0.08853,0.89497
0.12626,0.08853,0.89497
0.12626,0.08853,0.89497
0.12626,0.08853,0.89497
0.12626,0.08853,0.89497
0.12626,0.08853,0.89497
0.12626,0.08853,0.89497
0.12626,0.08853,0.89497
0.12626,0.08853,0.89497
0.12626,0.08853,0.89497
0.12626,0.08853,0.89497
0.12626,0.08853,0.89497
0.12626,0.08853,0.89497
0.12626,0.08853,0.89497
0.12626,0.08853,0.89497
0.12626,0.08853,0.89497
0.12626,0.08853,0.89497
0.12626,0.08853,0.89497
0.12626,0.08853,0.89497
0.12626,0.08853,0.89497
0.12626,0.08853,0.89497
0.12626,0.08853,0.89497
0.12626,0.08853,0.89497
0.12626,0.08853,0.89497
0.12626,0.08853,0.89497
0.12626,0.08853,0.89497
0.12626,0.08853,0.89497
0.12626,0.08853,0.89497
0.12626,0.08853,0.89497
0.12626,0.08853,0.89497
0.12626,0.08853,0.89497
0.12626,0.08853,0.89497
0.12626,0.08853,0.89497
0.12626,0.08853,0.89497
0.12626,0.08853,0.89497
0.12626,0.08853,0.89497
0.12626,0.08853,0.89497
0.12626,0.08853,0.89497
0.12626,0.08853,0.89497
0.12626,0.08853,0.89497
0.12626,0.08853,0.89497
0.12626,0.08853,0.89497
0.12626,0.08853,0.89497
0.12626,0.08853,0.89497
0.12626,0.08853,0.89497
0.12626,0.08853,0.89497
0.12626,0.08853,0.89497
0.12626,0.08853,0.89497
0.12626,0.08853,0.89497
0.12626,0.08853,0.89497
0.12626,0.08853,0.89497
0.12626,0.08853,0.89497
0.12626,0.08853,0.89497
0.12626,0.08853,0.89497
0.12626,0.08853,0.89497
0.12626,0.08853,0.89497
0.12626,0.08853,0.89497
0.12626,0.08853,0.89497
0.12626,0.08853,0.89497
0.12626,0.08853,0.89497
0.12626,0.08853,0.89497
0.12626,0.08853,0.89497
0.12626,0.08853,0.89497
0.12626,0.08853,0.89497
0.12626,0.08853,0.89497
0.12626,0.08853,0.89497
0.12626,0.08853,0.89497
0.12626,0.08853,0.89497
0.12626,0.08853,0.89497
0.12626,0.08853,0.89497
0.12626,0.08853,0.89497
0.12626,0.08853,0.89497
0.12626,0.08853,0.89497
0.12626,0.08853,0.89497
0.12626,0.08853,0.89497
0.12626,0.08853,0.89497
0.12626,0.08853,0.89497
0.12626,0.08853,0.89497
0.12626,0.08853,0.89497
0.12626,0.08853,0.89497
0.12626,0.08853,0.89497
0.12626,0.08853,0.89497
0.12626,0.08853,0.89497
0.12626,0.08853,0.89497
0.12626,0.08853,0.89497
0.12626,0.08853,0.89497
0.12626,0.08853,0.89497
0.12626,0.08853,0.89497
0.12626,0.08853,0.89497
0.12626,0.08853,0.89497
0.12626,0.08853,0.89497
0.12626,0.08853,0.89497
0.12626,0.08853,0.89497
0.12626,0.08853,0.89497
0.12626,0.08853,0.89497
0.12626,0.08853,0.89497
0.12626,0.08853,0.89497
0.12626,0.08853,0.89497
0.12626,0.08853,0.89497
0.12626,0.08853,0.89497
0.12626,0.08853,0.89497
0.12626,0.08853,0.89497
0.12626,0.08853,0.89497
0.12626,0.08853,0.89497
0.12626,0.08853,0.89497
0.12626,0.08853,0.89497
0.12626,0.08853,0.89497
0.12626,0.08853,0.89497
0.12626,0.08853,0.89497
0.12626,0.08853,0.89497
0.12626,0.08853,0.89497
0.12626,0.08853,0.89497
0.12626,0.08853,0.89497
0.12626,0.08853,0.89497
0.12626,0.08853,0.89497
0.12626,0.08853,0.89497
0.12626,0.08853,0.89497
0.12626,0.08853,0.89497
0.12626,0.08853,0.89497
0.12626,0.08853,0.89497
0.12626,0.08853,0.89497
0.12626,0.08853,0.89497
0.12626,0.08853,0.89497
0.12626,0.08853,0.89497
0.12626,0.08853,0.89497
0.12626,0.08853,0.89497
0.12626,0.08853,0.89497
0.12626,0.08853,0.89497
0.12626,0.08853,0.89497
0.12626,0.08853,0.89497
0.12626,0.08853,0.89497
0.12626,0.08853,0.89497
0.12626,0.08853,0.89497
0.12626,0.08853,0.89497
0.12626,0.08853,0.89497
0.12626,0.08853,0.89497
0.12626,0.08853,0.89497
0.12626,0.08853,0.89497
0.12626,0.08853,0.89497
0.12626,0.08853,0.89497
0.12626,0.08853,0.89497
0.12626,0.08853,0.89497
0.12626,0.08853,0.89497
0.12626,0.08853,0.89497
0.12626,0.08853,0.89497
0.12626,0.08853,0.89497
0.12626,0.08853,0.89497
0.12626,0.08853,0.89497
0.12626,0.08853,0.89497
0.12626,0.08853,0.89497
0.12626,0.08853,0.89497
0.12626,0.08853,0.89497
0.12626,0.08853,0.89497
0.12626,0.08853,0.89497
0.12626,0.08853,0.89497
0.12626,0.08853,0.89497
0.12626,0.08853,0.89497
0.12626,0.08853,0.89497
0.12626,0.08853,0.89497
0.12626,0.08853,0.89497
0.12626,0.08853,0.89497
0.12626,0.08853,0.89497
0.12626,0.08853,0.89497
0.12626,0.08853,0.89497
0.12626,0.08853,0.89497
0.12626,0.08853,0.89497
0.12626,0.08853,0.89497
0.12626,0.08853,0.89497
0.12626,0.08853,0.89497
0.12626,0.08853,0.89497
0.12626,0.08853,0.89497
0.12626,0.08853,0.89497
0.12626,0.08853,0.89497
0.12626,0.08853,0.89497
0.12626,0.08853,0.89497
0.12626,0.08853,0.89497
0.12626,0.08853,0.89497
0.12626,0.08853,0.89497
0.12626,0.08853,0.89497
0.12626,0.08853,0.89497
0.12626,0.08853,0.89497
0.12626,0.08853,0.89497
0.12626,0.08853,0.89497
0.12626,0.08853,0.89497
0.12626,0.08853,0.89497
0.12626,0.08853,0.89497
0.12626,0.08853,0.89497
0.12626,0.08853,0.89497
0.12626,0.08853,0.89497
0.12626,0.08853,0.89497
0.12626,0.08853,0.89497
0.12626,0.08853,0.89497
0.12626,0.08853,0.89497
0.12626,0.08853,0.89497
0.12626,0.08853,0.89497
0.12626,0.08853,0.89497
0.12626,0.08853,0.89497
0.12626,0.08853,0.89497
0.12626,0.08853,0.89497
0.12626,0.08853,0.89497
0.12626,0.08853,0.89497
0.12626,0.08853,0.89497
0.12626,0.08853,0.89497
0.12626,0.08853,0.89497
0.12626,0.08853,0.89497
0.12626,0.08853,0.89497
0.12626,0.08853,0.89497
0.12626,0.08853,0.89497
0.12626,0.08853,0.89497
0.12626,0.08853,0.89497
0.12626,0.08853,0.89497
0.12626,0.08853,0.89497
0.12626,0.08853,0.89497
0.12626,0.08853,0.89497
0.12626,0.08853,0.89497
0.12626,0.08853,0.89497
0.12626,0.08853,0.89497
0.12626,0.08853,0.89497
0.12626,0.08853,0.89497
0.12626,0.08853,0.89497
0.12626,0.08853,0.89497
0.12626,0.08853,0.89497
0.12626,0.08853,0.89497
0.12626,0.08853,0.89497
0.12626,0.08853,0.89497
0.12626,0.08853,0.89497
0.12626,0.08853,0.89497
0.12626,0.08853,0.89497
0.12626,0.08853,0.89497
0.12626,0.08853,0.89497
0.12626,0.08853,0.89497
0.12626,0.08853,0.89497
0.12626,0.08853,0.89497
0.12626,0.08853,0.89497
0.12626,0.08853,0.89497
0.12626,0.08853,0.89497
0.12626,0.08853,0.89497
0.12626,0.08853,0.89497
0.12626,0.08853,0.89497
0.12626,0.08853,0.89497
0.12626,0.08853,0.89497
0.12626,0.08853,0.89497
0.12626,0.08853,0.89497
0.12626,0.08853,0.89497
0.12626,0.08853,0.89497
0.12626,0.08853,0.89497
0.12626,0.08853,0.89497
0.12626,0.08853,0.89497
0.12626,0.08853,0.89497
0.12626,0.08853,0.89497
0.12626,0.08853,0.89497
0.12626,0.08853,0.89497
0.12626,0.08853,0.89497
0.12626,0.08853,0.89497
0.12626,0.08853,0.89497
0.12626,0.08853,0.89497
0.12626,0.08853,0.89497
0.12626,0.08853,0.89497
0.12626,0.08853,0.89497
0.12626,0.08853,0.89497
0.12626,0.08853,0.89497
0.12626,0.08853,0.89497
0.12626,0.08853,0.89497
0.12626,0.08853,0.89497
0.12626,0.08853,0.89497
0.12626,0.08853,0.89497
0.12626,0.08853,0.89497
0.12626,0.08853,0.89497
0.12626,0.08853,0.89497
0.12626,0.08853,0.89497
0.12626,0.08853,0.89497
0.12626,0.08853,0.89497
0.12626,0.08853,0.89497
0.12626,0.08853,0.89497
0.12626,0.08853,0.89497
0.12626,0.08853,0.89497
0.12626,0.08853,0.89497
0.12626,0.08853,0.89497
0.12626,0.08853,0.89497
0.12626,0.08853,0.89497
0.12626,0.08853,0.89497
0.12626,0.08853,0.89497
0.12626,0.08853,0.89497
0.12626,0.08853,0.89497
0.12626,0.08853,0.89497
0.12626,0.08853,0.89497
0.12626,0.08853,0.89497
0.12626,0.08853,0.89497
0.12626,0.08853,0.89497
0.12626,0.08853,0.89497
0.12626,0.08853,0.89497
0.12626,0.08853,0.89497
0.12626,0.08853,0.89497
0.12626,0.08853,0.89497
0.12626,0.08853,0.89497
0.12626,0.08853,0.89497
0.12626,0.08853,0.89497
0.12626,0.08853,0.89497
0.12626,0.08853,0.89497
0.12626,0.08853,0.89497
0.12626,0.08853,0.89497
0.12626,0.08853,0.89497
0.12626,0.08853,0.89497
0.12626,0.08853,0.89497
0.12626,0.08853,0.89497
0.12626,0.08853,0.89497
0.12626,0.08853,0.89497
0.12626,0.08853,0.89497
0.12626,0.08853,0.89497
0.12626,0.08853,0.89497
0.12626,0.08853,0.89497
0.12626,0.08853,0.89497
0.12626,0.08853,0.89497
0.12626,0.08853,0.89497
0.12626,0.08853,0.89497
0.12626,0.08853,0.89497
0.12626,0.08853,0.89497
0.12626,0.08853,0.89497
0.12626,0.08853,0.89497
0.12626,0.08853,0.89497
0.12626,0.08853,0.89497
0.12626,0.08853,0.89497
0.12626,0.08853,0.89497
0.12626,0.08853,0.89497
0.12626,0.08853,0.89497
0.12626,0.08853,0.89497
0.12626,0.08853,0.89497
0.12626,0.08853,0.89497
0.12626,0.08853,0.89497
0.12626,0.08853,0.89497
0.12626,0.08853,0.89497
0.12626,0.08853,0.89497
0.12626,0.08853,0.89497
0.12626,0.08853,0.89497
0.12626,0.08853,0.89497
0.12626,0.08853,0.89497
0.12626,0.08853,0.89497
0.12626,0.08853,0.89497
0.12626,0.08853,0.89497
0.12626,0.08853,0.89497
0.12626,0.08853,0.89497
0.12626,0.08853,0.89497
0.12626,0.08853,0.89497
0.12626,0.08853,0.89497
0.12626,0.08853,0.89497
0.12626,0.08853,0.89497
0.12626,0.08853,0.89497
0.12626,0.08853,0.89497
0.12626,0.08853,0.89497
0.12626,0.08853,0.89497
0.12626,0.08853,0.89497
0.12626,0.08853,0.89497
0.12626,0.08853,0.89497
0.12626,0.08853,0.89497
0.12626,0.08853,0.89497
0.12626,0.08853,0.89497
0.12626,0.08853,0.89497
0.12626,0.08853,0.89497
0.12626,0.08853,0.89497
0.12626,0.08853,0.89497
0.12626,0.08853,0.89497
0.12626,0.08853,0.89497
0.12626,0.08853,0.89497
0.12626,0.08853,0.89497
0.12626,0.08853,0.89497
0.12626,0.08853,0.89497
0.12626,0.08853,0.89497
0.12626,0.08853,0.89497
0.12626,0.08853,0.89497
0.12626,0.08853,0.89497
0.12626,0.08853,0.89497
0.12626,0.08853,0.89497
0.12626,0.08853,0.89497
0.12626,0.08853,0.89497
0.12626,0.08853,0.89497
0.12626,0.08853,0.89497
0.12626,0.08853,0.89497
0.12626,0.08853,0.89497
0.12626,0.08853,0.89497
0.12626,0.08853,0.89497
0.12626,0.08853,0.89497
0.12626,0.08853,0.89497
0.12626,0.08853,0.89497
0.12626,0.08853,0.89497
0.12626,0.08853,0.89497
0.12626,0.08853,0.89497
0.12626,0.08853,0.89497
0.12626,0.08853,0.89497
0.12626,0.08853,0.89497
0.12626,0.08853,0.89497
0.12626,0.08853,0.89497
0.12626,0.08853,0.89497
0.12626,0.08853,0.89497
0.12626,0.08853,0.89497
0.12626,0.08853,0.89497
0.12626,0.08853,0.89497
0.12626,0.08853,0.89497
0.12626,0.08853,0.89497
0.12626,0.08853,0.89497
0.12626,0.08853,0.89497
0.12626,0.08853,0.89497
0.12626,0.08853,0.89497
0.12626,0.08853,0.89497
0.12626,0.08853,0.89497
0.12626,0.08853,0.89497
0.12626,0.08853,0.89497
0.12626,0.08853,0.89497
0.12626,0.08853,0.89497
0.12626,0.08853,0.89497
0.12626,0.08853,0.89497
0.12626,0.08853,0.89497
0.12626,0.08853,0.89497
0.12626,0.08853,0.89497
0.12626,0.08853,0.89497
0.12626,0.08853,0.89497
0.12626,0.08853,0.89497
0.12626,0.08853,0.89497
0.12626,0.08853,0.89497
0.12626,0.08853,0.89497
0.12626,0.08853,0.89497
0.12626,0.08853,0.89497
0.12626,0.08853,0.89497
0.12626,0.08853,0.89497
0.12626,0.08853,0.89497
0.12626,0.08853,0.89497
0.12626,0.08853,0.89497
0.12626,0.08853,0.89497
0.12626,0.08853,0.89497
0.12626,0.08853,0.89497
0.12626,0.08853,0.89497
0.12626,0.08853,0.89497
0.12626,0.08853,0.89497
0.12626,0.08853,0.89497
0.12626,0.08853,0.89497
0.12626,0.08853,0.89497
0.12626,0.08853,0.89497
0.12626,0.08853,0.89497
0.12626,0.08853,0.89497
0.12626,0.08853,0.89497
0.12626,0.08853,0.89497
0.12626,0.08853,0.89497
0.12626,0.08853,0.89497
0.12626,0.08853,0.89497
0.12626,0.08853,0.89497
0.12626,0.08853,0.89497
0.12626,0.08853,0.89497
0.12626,0.08853,0.89497
0.12626,0.08853,0.89497
0.12626,0.08853,0.89497
0.12626,0.08853,0.89497
0.12626,0.08853,0.89497
0.12626,0.08853,0.89497
0.12626,0.08853,0.89497
0.12626,0.08853,0.89497
0.12626,0.08853,0.89497
0.12626,0.08853,0.89497
0.12626,0.08853,0.89497
0.12626,0.08853,0.89497
0.12626,0.08853,0.89497
0.12626,0.08853,0.89497
0.12626,0.08853,0.89497
0.12626,0.08853,0.89497
0.12626,0.08853,0.89497
0.12626,0.08853,0.89497
0.12626,0.08853,0.89497
0.12626,0.08853,0.89497
0.12626,0.08853,0.89497
0.12626,0.08853,0.89497
0.12626,0.08853,0.96276
0.12626,0.08853,0.96276
0.12626,0.08853,0.96276
0.12626,0.08853,0.96276
0.12626,0.08853,0.96276
0.12626,0.08853,0.96276
0.12626,0.08853,0.96276
0.12626,0.08853,0.96276
0.12626,0.08853,0.96276
0.12626,0.08853,0.96276
0.12626,0.08853,0.96276
0.12626,0.08853,0.96276
0.12626,0.08853,0.96276
0.12626,0.08853,0.96276
0.12626,0.08853,0.96276
0.12626,0.08853,0.96276
0.12626,0.08853,0.96276
0.12626,0.08853,0.96276
0.12626,0.08853,0.96276
0.12626,0.08853,0.96276
0.12626,0.08853,0.96276
0.12626,0.08853,0.96276
0.12626,0.08853,0.96276
0.12626,0.08853,0.96276
0.12626,0.08853,0.96276
0.12626,0.08853,0.96276
0.12626,0.08853,0.96276
0.12626,0.08853,0.96276
0.12626,0.08853,0.96276
0.12626,0.08853,0.96276
0.12626,0.08853,0.96276
0.12626,0.08853,0.96276
0.12626,0.08853,0.96276
0.12626,0.08853,0.96276
0.12626,0.08853,0.96276
0.12626,0.08853,0.96276
0.12626,0.08853,0.96276
0.12626,0.08853,0.96276
0.12626,0.08853,0.96276
0.12626,0.08853,0.96276
0.12626,0.08853,0.96276
0.12626,0.08853,0.96276
0.12626,0.08853,0.96276
0.12626,0.08853,0.96276
0.12626,0.08853,0.96276
0.12626,0.08853,0.96276
0.12626,0.08853,0.96276
0.12626,0.08853,0.96276
0.12626,0.08853,0.96276
0.12626,0.08853,0.96276
0.12626,0.08853,0.96276
0.12626,0.08853,0.96276
0.12626,0.08853,0.96276
0.12626,0.08853,0.96276
0.12626,0.08853,0.96276
0.12626,0.08853,0.96276
0.12626,0.08853,0.96276
0.12626,0.08853,0.96276
0.12626,0.08853,0.96276
0.12626,0.08853,0.96276
0.12626,0.08853,0.96276
0.12626,0.08853,0.96276
0.12626,0.08853,0.96276
0.12626,0.08853,0.96276
0.12626,0.08853,0.96276
0.12626,0.08853,0.96276
0.12626,0.08853,0.96276
0.12626,0.08853,0.96276
0.12626,0.08853,0.96276
0.12626,0.08853,0.96276
0.12626,0.08853,0.96276
0.12626,0.08853,0.96276
0.12626,0.08853,0.96276
0.12626,0.08853,0.96276
0.12626,0.08853,0.96276
0.12626,0.08853,0.96276
0.12626,0.08853,0.96276
0.12626,0.08853,0.96276
0.12626,0.08853,0.96276
0.12626,0.08853,0.96276
0.12626,0.08853,0.96276
0.12626,0.08853,0.96276
0.12626,0.08853,0.96276
0.12626,0.08853,0.96276
0.12626,0.08853,0.96276
0.12626,0.08853,0.96276
0.12626,0.08853,0.96276
0.12626,0.08853,0.96276
0.12626,0.08853,0.96276
0.12626,0.08853,0.96276
0.12626,0.08853,0.96276
0.12626,0.08853,0.96276
0.12626,0.08853,0.96276
0.12626,0.08853,0.96276
0.12626,0.08853,0.96276
0.12626,0.08853,0.96276
0.12626,0.08853,0.96276
0.12626,0.08853,0.96276
0.12626,0.08853,0.96276
0.12626,0.08853,0.96276
0.12626,0.08853,0.96276
0.12626,0.08853,0.96276
0.12626,0.08853,0.96276
0.12626,0.08853,0.96276
0.12626,0.08853,0.96276
0.12626,0.08853,0.96276
0.12626,0.08853,0.96276
0.12626,0.08853,0.96276
0.12626,0.08853,0.96276
0.12626,0.08853,0.96276
0.12626,0.08853,0.96276
0.12626,0.08853,0.96276
0.12626,0.08853,0.96276
0.12626,0.08853,0.96276
0.12626,0.08853,0.96276
0.12626,0.08853,0.96276
0.12626,0.08853,0.96276
0.12626,0.08853,0.96276
0.12626,0.08853,0.96276
0.12626,0.08853,0.96276
0.12626,0.08853,0.96276
0.12626,0.08853,0.96276
0.12626,0.08853,0.96276
0.12626,0.08853,0.96276
0.12626,0.08853,0.96276
0.12626,0.08853,0.96276
0.12626,0.08853,0.96276
0.12626,0.08853,0.96276
0.12626,0.08853,0.96276
0.12626,0.08853,0.96276
0.12626,0.08853,0.96276
0.12626,0.08853,0.96276
0.12626,0.08853,0.96276
0.12626,0.08853,0.96276
0.12626,0.08853,0.96276
0.12626,0.08853,0.96276
0.12626,0.08853,0.96276
0.12626,0.08853,0.96276
0.12626,0.08853,0.96276
0.12626,0.08853,0.96276
0.12626,0.08853,0.96276
0.12626,0.08853,0.96276
0.12626,0.08853,0.96276
0.12626,0.08853,0.96276
0.12626,0.08853,0.96276
0.12626,0.08853,0.96276
0.12626,0.08853,0.96276
0.12626,0.08853,0.96276
0.12626,0.08853,0.96276
0.12626,0.08853,0.96276
0.12626,0.08853,0.96276
0.12626,0.08853,0.96276
0.12626,0.08853,0.96276
0.12626,0.08853,0.96276
0.12626,0.08853,0.96276
0.12626,0.08853,0.96276
0.12626,0.08853,0.96276
0.12626,0.08853,0.96276
0.12626,0.08853,0.96276
0.12626,0.08853,0.96276
0.12626,0.08853,0.96276
0.12626,0.08853,0.96276
0.12626,0.08853,0.96276
0.12626,0.08853,0.96276
0.12626,0.08853,0.96276
0.12626,0.08853,0.96276
0.12626,0.08853,0.96276
0.12626,0.08853,0.96276
0.12626,0.08853,0.96276
0.12626,0.08853,0.96276
0.12626,0.08853,0.96276
0.12626,0.08853,0.96276
0.12626,0.08853,0.96276
0.12626,0.08853,0.96276
0.12626,0.08853,0.96276
0.12626,0.08853,0.96276
0.12626,0.08853,0.96276
0.12626,0.08853,0.96276
0.12626,0.08853,0.96276
0.12626,0.08853,0.96276
0.12626,0.08853,0.96276
0.12626,0.08853,0.96276
0.12626,0.08853,0.96276
0.12626,0.08853,0.96276
0.12626,0.08853,0.96276
0.12626,0.08853,0.96276
0.12626,0.08853,0.96276
0.12626,0.08853,0.96276
0.12626,0.08853,0.96276
0.12626,0.08853,0.96276
0.12626,0.08853,0.96276
0.12626,0.08853,0.96276
0.12626,0.08853,0.96276
0.12626,0.08853,0.96276
0.12626,0.08853,0.96276
0.12626,0.08853,0.96276
0.12626,0.08853,0.96276
0.12626,0.08853,0.96276
0.12626,0.08853,0.96276
0.12626,0.08853,0.96276
0.12626,0.08853,0.96276
0.12626,0.08853,0.96276
0.12626,0.08853,0.96276
0.12626,0.08853,0.96276
0.12626,0.08853,0.96276
0.12626,0.08853,0.96276
0.12626,0.08853,0.96276
0.12626,0.08853,0.96276
0.12626,0.08853,0.96276
0.12626,0.08853,0.96276
0.12626,0.08853,0.96276
0.12626,0.08853,0.96276
0.12626,0.08853,0.96276
0.12626,0.08853,0.96276
0.12626,0.08853,0.96276
0.12626,0.08853,0.96276
0.12626,0.08853,0.96276
0.12626,0.08853,0.96276
0.12626,0.08853,0.96276
0.12626,0.08853,0.96276
0.12626,0.08853,0.96276
0.12626,0.08853,0.96276
0.12626,0.08853,0.96276
0.12626,0.08853,0.96276
0.12626,0.08853,0.96276
0.12626,0.08853,0.96276
0.12626,0.08853,0.96276
0.12626,0.08853,0.96276
0.12626,0.08853,0.96276
0.12626,0.08853,0.96276
0.12626,0.08853,0.96276
0.12626,0.08853,0.96276
0.12626,0.08853,0.96276
0.12626,0.08853,0.96276
0.12626,0.08853,0.96276
0.12626,0.08853,0.96276
0.12626,0.08853,0.96276
0.12626,0.08853,0.96276
0.12626,0.08853,0.96276
0.12626,0.08853,0.96276
0.12626,0.08853,0.96276
0.12626,0.08853,0.96276
0.12626,0.08853,0.96276
0.12626,0.08853,0.96276
0.12626,0.08853,0.96276
0.12626,0.08853,0.96276
0.12626,0.08853,0.96276
0.12626,0.08853,0.96276
0.12626,0.08853,0.96276
0.12626,0.08853,0.96276
0.12626,0.08853,0.96276
0.12626,0.08853,0.96276
0.12626,0.08853,0.96276
0.12626,0.08853,0.96276
0.12626,0.08853,0.96276
0.12626,0.08853,0.96276
0.12626,0.08853,0.96276
0.12626,0.08853,0.96276
0.12626,0.08853,0.96276
0.12626,0.08853,0.96276
0.12626,0.08853,0.96276
0.12626,0.08853,0.96276
0.12626,0.08853,0.96276
0.12626,0.08853,0.96276
0.12626,0.08853,0.96276
0.12626,0.08853,0.96276
0.12626,0.08853,0.96276
0.12626,0.08853,0.96276
0.12626,0.08853,0.96276
0.12626,0.08853,0.96276
0.12626,0.08853,0.96276
0.12626,0.08853,0.96276
0.12626,0.08853,0.96276
0.12626,0.08853,0.96276
0.12626,0.08853,0.96276
0.12626,0.08853,0.96276
0.12626,0.08853,0.96276
0.12626,0.08853,0.96276
0.12626,0.08853,0.96276
0.12626,0.08853,0.96276
0.12626,0.08853,0.96276
0.12626,0.08853,0.96276
0.12626,0.08853,0.96276
0.12626,0.08853,0.96276
0.12626,0.08853,0.96276
0.12626,0.08853,0.96276
0.12626,0.08853,0.96276
0.12626,0.08853,0.96276
0.12626,0.08853,0.96276
0.12626,0.08853,0.96276
0.12626,0.08853,0.96276
0.12626,0.08853,0.96276
0.12626,0.08853,0.96276
0.12626,0.08853,0.96276
0.12626,0.08853,0.96276
0.12626,0.08853,0.96276
0.12626,0.08853,0.96276
0.12626,0.08853,0.96276
0.12626,0.08853,0.96276
0.12626,0.08853,0.96276
0.12626,0.08853,0.96276
0.12626,0.08853,0.96276
0.12626,0.08853,0.96276
0.12626,0.08853,0.96276
0.12626,0.08853,0.96276
0.12626,0.08853,0.96276
0.12626,0.08853,0.96276
0.12626,0.08853,0.96276
0.12626,0.08853,0.96276
0.12626,0.08853,0.96276
0.12626,0.08853,0.96276
0.12626,0.08853,0.96276
0.12626,0.08853,0.96276
0.12626,0.08853,0.96276
0.12626,0.08853,0.96276
0.12626,0.08853,0.96276
0.12626,0.08853,0.96276
0.12626,0.08853,0.96276
0.12626,0.08853,0.96276
0.12626,0.08853,0.96276
0.12626,0.08853,0.96276
0.12626,0.08853,0.96276
0.12626,0.08853,0.96276
0.12626,0.08853,0.96276
0.12626,0.08853,0.96276
0.12626,0.08853,0.96276
0.12626,0.08853,0.96276
0.12626,0.08853,0.96276
0.12626,0.08853,0.96276
0.12626,0.08853,0.96276
0.12626,0.08853,0.96276
0.12626,0.08853,0.96276
0.12626,0.08853,0.96276
0.12626,0.08853,0.96276
0.12626,0.08853,0.96276
0.12626,0.08853,0.96276
0.12626,0.08853,0.96276
0.12626,0.08853,0.96276
0.12626,0.08853,0.96276
0.12626,0.08853,0.96276
0.12626,0.08853,0.96276
0.12626,0.08853,0.96276
0.12626,0.08853,0.96276
0.12626,0.08853,0.96276
0.12626,0.08853,0.96276
0.12626,0.08853,0.96276
0.12626,0.08853,0.96276
0.12626,0.08853,0.96276
0.12626,0.08853,0.96276
0.12626,0.08853,0.96276
0.12626,0.08853,0.96276
0.12626,0.08853,0.96276
0.12626,0.08853,0.96276
0.12626,0.08853,0.96276
0.12626,0.08853,0.96276
0.12626,0.08853,0.96276
0.12626,0.08853,0.96276
0.12626,0.08853,0.96276
0.12626,0.08853,0.96276
0.12626,0.08853,0.96276
0.12626,0.08853,0.96276
0.12626,0.08853,0.96276
0.12626,0.08853,0.96276
0.12626,0.08853,0.96276
0.12626,0.08853,0.96276
0.12626,0.08853,0.96276
0.12626,0.08853,0.96276
0.12626,0.08853,0.96276
0.12626,0.08853,0.96276
0.12626,0.08853,0.96276
0.12626,0.08853,0.96276
0.12626,0.08853,0.96276
0.12626,0.08853,0.96276
0.12626,0.08853,0.96276
0.12626,0.08853,0.96276
0.12626,0.08853,0.96276
0.12626,0.08853,0.96276
0.12626,0.08853,0.96276
0.12626,0.08853,0.96276
0.12626,0.08853,0.96276
0.12626,0.08853,0.96276
0.12626,0.08853,0.96276
0.12626,0.08853,0.96276
0.12626,0.08853,0.96276
0.12626,0.08853,0.96276
0.12626,0.08853,0.96276
0.12626,0.08853,0.96276
0.12626,0.08853,0.96276
0.12626,0.08853,0.96276
0.12626,0.08853,0.96276
0.12626,0.08853,0.96276
0.12626,0.08853,0.96276
0.12626,0.08853,0.96276
0.12626,0.08853,0.96276
0.12626,0.08853,0.96276
0.12626,0.08853,0.96276
0.12626,0.08853,0.96276
0.12626,0.08853,0.96276
0.12626,0.08853,0.96276
0.12626,0.08853,0.96276
0.12626,0.08853,0.96276
0.12626,0.08853,0.96276
0.12626,0.08853,0.96276
0.12626,0.08853,0.96276
0.12626,0.08853,0.96276
0.12626,0.08853,0.96276
0.12626,0.08853,0.96276
0.12626,0.08853,0.96276
0.12626,0.08853,0.96276
0.12626,0.08853,0.96276
0.12626,0.08853,0.96276
0.12626,0.08853,0.96276
0.12626,0.08853,0.96276
0.12626,0.08853,0.96276
0.12626,0.08853,0.96276
0.12626,0.08853,0.96276
0.12626,0.08853,0.96276
0.12626,0.08853,0.96276
0.12626,0.08853,0.96276
0.12626,0.08853,0.96276
0.12626,0.08853,0.96276
0.12626,0.08853,0.96276
0.12626,0.08853,0.96276
0.12626,0.08853,0.96276
0.12626,0.08853,0.96276
0.12626,0.08853,0.96276
0.12626,0.08853,0.96276
0.12626,0.08853,0.96276
0.12626,0.08853,0.96276
0.12626,0.08853,0.96276
0.12626,0.08853,0.96276
0.12626,0.08853,0.96276
0.12626,0.08853,0.96276
0.12626,0.08853,0.96276
0.12626,0.08853,0.96276
0.12626,0.08853,0.96276
0.12626,0.08853,0.96276
0.12626,0.08853,0.96276
0.12626,0.08853,0.96276
0.12626,0.08853,0.96276
0.12626,0.08853,0.96276
0.12626,0.08853,0.96276
0.12626,0.08853,0.96276
0.12626,0.08853,0.96276
0.12626,0.08853,0.96276
0.12626,0.08853,0.96276
0.12626,0.08853,0.96276
0.12626,0.08853,0.96276
0.12626,0.08853,0.96276
0.12626,0.08853,0.96276
0.12626,0.08853,0.96276
0.12626,0.08853,0.96276
0.12626,0.08853,0.96276
0.12626,0.08853,0.96276
0.12626,0.08853,0.96276
0.12626,0.08853,0.96276
0.12626,0.08853,0.96276
0.12626,0.08853,0.96276
0.12626,0.08853,0.96276
0.12626,0.08853,0.96276
0.12626,0.08853,0.96276
0.12626,0.08853,0.96276
0.12626,0.08853,0.96276
0.12626,0.08853,0.96276
0.12626,0.08853,0.96276
0.12626,0.08853,0.96276
0.12626,0.08853,0.96276
0.12626,0.08853,0.96276
0.12626,0.08853,0.96276
0.12626,0.08853,0.96276
0.12626,0.08853,0.96276
0.12626,0.08853,0.96276
0.12626,0.08853,0.96276
0.12626,0.08853,0.96276
0.12626,0.08853,0.96276
0.12626,0.08853,0.96276
0.12626,0.08853,0.96276
0.12626,0.08853,0.96276
0.12626,0.08853,0.96276
0.12626,0.08853,0.96276
0.12626,0.08853,0.96276
0.12626,0.08853,0.96276
0.12626,0.08853,0.96276
0.12626,0.08853,0.96276
0.12626,0.08853,0.96276
0.12626,0.08853,0.96276
0.12626,0.08853,0.96276
0.12626,0.08853,0.96276
0.12626,0.08853,0.96276
0.12626,0.08853,0.96276
0.12626,0.08853,0.96276
0.12626,0.08853,0.96276
0.12626,0.08853,0.96276
0.12626,0.08853,0.96276
0.12626,0.08853,0.96276
0.12626,0.08853,0.96276
0.12626,0.08853,0.96276
0.12626,0.08853,0.96276
0.12626,0.08853,0.96276
0.12626,0.08853,0.96276
0.12626,0.08853,0.96276
0.12626,0.08853,0.96276
0.12626,0.08853,0.96276
0.12626,0.08853,0.96276
0.12626,0.08853,0.96276
0.12626,0.08853,0.96276
0.12626,0.08853,0.96276
0.12626,0.08853,0.96276
0.12626,0.08853,0.96276
0.12626,0.08853,0.96276
0.12626,0.08853,0.96276
0.12626,0.08853,0.96276
0.12626,0.08853,0.96276
0.12626,0.08853,0.96276
0.12626,0.08853,0.96276
0.12626,0.08853,0.96276
0.12626,0.08853,0.96276
0.12626,0.08853,0.96276
0.12626,0.08853,0.96276
0.12626,0.08853,0.96276
0.12626,0.08853,0.96276
0.12626,0.08853,0.96276
0.12626,0.08853,0.96276
0.12626,0.08853,0.96276
0.12626,0.08853,0.96276
0.12626,0.08853,0.96276
0.12626,0.08853,0.96276
0.12626,0.08853,0.96276
0.12626,0.08853,0.96276
0.12626,0.08853,0.96276
0.12626,0.08853,0.96276
0.12626,0.08853,0.96276
0.12626,0.08853,0.96276
0.12626,0.08853,0.96276
0.12626,0.08853,0.96276
0.12626,0.08853,0.96276
0.12626,0.08853,0.96276
0.12626,0.08853,0.96276
0.12626,0.08853,0.96276
0.12626,0.08853,0.96276
0.12626,0.08853,0.96276
0.12626,0.08853,0.96276
0.12626,0.08853,0.96276
0.12626,0.08853,0.96276
0.12626,0.08853,0.96276
0.12626,0.08853,0.96276
0.12626,0.08853,0.96276
0.12626,0.08853,0.96276
0.12626,0.08853,0.96276
0.12626,0.08853,0.96276
0.12626,0.08853,0.96276
0.12626,0.08853,0.96276
0.12626,0.08853,0.96276
0.12626,0.08853,0.96276
0.12626,0.08853,0.96276
0.12626,0.08853,0.96276
0.12626,0.08853,0.96276
0.12626,0.08853,0.96276
0.12626,0.08853,0.96276
0.12626,0.08853,0.96276
0.12626,0.08853,0.96276
0.12626,0.08853,0.96276
0.12626,0.08853,0.96276
0.12626,0.08853,0.96276
0.12626,0.08853,0.96276
0.12626,0.08853,0.96276
0.12626,0.08853,0.96276
0.12626,0.08853,0.96276
0.12626,0.08853,0.96276
0.12626,0.08853,0.96276
0.12626,0.08853,0.96276
0.12626,0.08853,0.96276
0.12626,0.08853,0.96276
0.12626,0.08853,0.96276
0.12626,0.08853,0.96276
0.12626,0.08853,0.96276
0.12626,0.08853,0.96276
0.12626,0.08853,0.96276
0.12626,0.08853,0.96276
0.12626,0.08853,0.96276
0.12626,0.08853,0.96276
0.12626,0.08853,0.96276
0.12626,0.08853,0.96276
0.12626,0.08853,0.96276
0.12626,0.08853,0.96276
0.12626,0.08853,0.96276
0.12626,0.08853,0.96276
0.12626,0.08853,0.96276
0.12626,0.08853,0.96276
0.12626,0.08853,0.96276
0.12626,0.08853,0.96276
0.12626,0.08853,0.96276
0.12626,0.08853,0.96276
0.12626,0.08853,0.96276
0.12626,0.08853,0.96276
0.12626,0.08853,0.96276
0.12626,0.08853,0.96276
0.12626,0.08853,0.96276
0.12626,0.08853,0.96276
0.12626,0.08853,0.96276
0.12626,0.08853,0.96276
0.12626,0.08853,0.96276
0.12626,0.08853,0.96276
0.12626,0.08853,0.96276
0.12626,0.08853,0.96276
0.12626,0.08853,0.96276
0.12626,0.08853,0.96276
0.12626,0.08853,0.96276
0.12626,0.08853,0.96276
0.12626,0.08853,0.96276
0.12626,0.08853,0.96276
0.12626,0.08853,0.96276
0.12626,0.08853,0.96276
0.12626,0.08853,0.96276
0.12626,0.08853,0.96276
0.12626,0.08853,0.96276
0.12626,0.08853,0.96276
0.12626,0.08853,0.96276
0.12626,0.08853,0.96276
0.12626,0.08853,0.96276
0.12626,0.08853,0.96276
0.12626,0.08853,0.96276
0.12626,0.08853,0.96276
0.12626,0.08853,0.96276
0.12626,0.08853,0.96276
0.12626,0.08853,0.96276
0.12626,0.08853,0.96276
0.12626,0.08853,0.96276
0.12626,0.08853,0.96276
0.12626,0.08853,0.96276
0.12626,0.08853,0.96276
0.12626,0.08853,0.96276
0.12626,0.08853,0.96276
0.12626,0.08853,0.96276
0.12626,0.08853,0.96276
0.12626,0.08853,0.96276
0.12626,0.08853,0.96276
0.12626,0.08853,0.96276
0.12626,0.08853,0.96276
0.12626,0.08853,0.96276
0.12626,0.08853,0.96276
0.12626,0.08853,0.96276
0.12626,0.08853,0.96276
0.12626,0.08853,0.96276
0.12626,0.08853,0.96276
0.12626,0.08853,0.96276
0.12626,0.08853,0.96276
0.12626,0.08853,0.96276
0.12626,0.08853,0.96276
0.12626,0.08853,0.96276
0.12626,0.08853,0.96276
0.12626,0.08853,0.96276
0.12626,0.08853,0.96276
0.12626,0.08853,0.96276
0.12626,0.08853,0.96276
0.12626,0.08853,0.96276
0.12626,0.08853,0.96276
0.12626,0.08853,0.96276
0.12626,0.08853,0.96276
0.12626,0.08853,0.96276
0.12626,0.08853,0.96276
0.12626,0.08853,0.96276
0.12626,0.08853,0.96276
0.12626,0.08853,0.96276
0.12626,0.08853,0.96276
0.12626,0.08853,0.96276
0.12626,0.08853,0.96276
0.12626,0.08853,0.96276
0.12626,0.08853,0.96276
0.12626,0.08853,0.96276
0.12626,0.08853,0.96276
0.12626,0.08853,0.96276
0.12626,0.08853,0.96276
0.12626,0.08853,0.96276
0.12626,0.08853,0.96276
0.12626,0.08853,0.96276
0.12626,0.08853,0.96276
0.12626,0.08853,0.96276
0.12626,0.08853,0.96276
0.12626,0.08853,0.96276
0.12626,0.08853,0.96276
0.12626,0.08853,0.96276
0.12626,0.08853,0.96276
0.12626,0.08853,0.96276
0.12626,0.08853,0.96276
0.12626,0.08853,0.96276
0.12626,0.08853,0.96276
0.12626,0.08853,0.96276
0.12626,0.08853,0.96276
0.12626,0.08853,0.96276
0.12626,0.08853,0.96276
0.12626,0.08853,0.96276
0.12626,0.08853,0.96276
0.12626,0.08853,0.96276
0.12626,0.08853,0.96276
0.12626,0.08853,0.96276
0.12626,0.08853,0.96276
0.12626,0.08853,0.96276
0.12626,0.08853,0.96276
0.12626,0.08853,0.96276
0.12626,0.08853,0.96276
0.12626,0.08853,0.96276
0.12626,0.08853,0.96276
0.12626,0.08853,0.96276
0.12626,0.08853,0.96276
0.12626,0.08853,0.96276
0.12626,0.08853,0.96276
0.12626,0.08853,0.96276
0.12626,0.08853,0.96276
0.12626,0.08853,0.96276
0.12626,0.08853,0.96276
0.12626,0.08853,0.96276
0.12626,0.08853,0.96276
0.12626,0.08853,0.96276
0.12626,0.08853,0.96276
0.12626,0.08853,0.96276
0.12626,0.08853,0.96276
0.12626,0.08853,0.96276
0.12626,0.08853,0.96276
0.12626,0.08853,0.96276
0.12626,0.08853,0.96276
0.12626,0.08853,0.96276
0.12626,0.08853,0.96276
0.12626,0.08853,0.96276
0.12626,0.08853,0.96276
0.12626,0.08853,0.96276
0.12626,0.08853,0.96276
0.12626,0.08853,0.96276
0.12626,0.08853,0.96276
0.12626,0.08853,0.96276
0.12626,0.08853,0.96276
0.12626,0.08853,0.96276
0.12626,0.08853,0.96276
0.12626,0.08853,0.96276
0.12626,0.08853,0.96276
0.12626,0.08853,0.96276
0.12626,0.08853,0.96276
0.12626,0.08853,0.96276
0.12626,0.08853,0.96276
0.12626,0.08853,0.96276
0.12626,0.08853,0.96276
0.12626,0.08853,0.96276
0.12626,0.08853,0.96276
0.12626,0.08853,0.96276
0.12626,0.08853,0.96276
0.12626,0.08853,0.96276
0.12626,0.08853,0.96276
0.12626,0.08853,0.96276
0.12626,0.08853,0.96276
0.12626,0.08853,0.96276
0.12626,0.08853,0.96276
0.12626,0.08853,0.96276
0.12626,0.08853,0.96276
0.12626,0.08853,0.96276
0.12626,0.08853,0.96276
0.12626,0.08853,0.96276
0.12626,0.08853,0.96276
0.12626,0.08853,0.96276
0.12626,0.08853,0.96276
0.12626,0.08853,0.96276
0.12626,0.08853,0.96276
0.12626,0.08853,0.96276
0.12626,0.08853,0.96276
0.12626,0.08853,0.96276
0.12626,0.08853,0.96276
0.12626,0.08853,0.96276
0.12626,0.08853,0.96276
0.12626,0.08853,0.96276
0.12626,0.08853,0.96276
0.12626,0.08853,0.96276
0.12626,0.08853,0.96276
0.12626,0.08853,0.96276
0.12626,0.08853,0.96276
0.12626,0.08853,0.96276
0.12626,0.08853,0.96276
0.12626,0.08853,0.96276
0.12626,0.08853,0.96276
0.12626,0.08853,0.96276
0.12626,0.08853,0.96276
0.12626,0.08853,0.96276
0.12626,0.08853,0.96276
0.12626,0.08853,0.96276
0.12626,0.08853,0.96276
0.12626,0.08853,0.96276
0.12626,0.08853,0.96276
0.12626,0.08853,0.96276
0.12626,0.08853,0.96276
0.12626,0.08853,0.96276
0.12626,0.08853,0.96276
0.12626,0.08853,0.96276
0.12626,0.08853,0.96276
0.12626,0.08853,0.96276
0.12626,0.08853,0.96276
0.12626,0.08853,0.96276
0.12626,0.08853,0.96276
0.12626,0.08853,0.96276
0.12626,0.08853,0.96276
0.12626,0.08853,0.96276
0.12626,0.08853,0.96276
0.12626,0.08853,0.96276
0.12626,0.08853,0.96276
0.12626,0.08853,0.96276
0.12626,0.08853,0.96276
0.12626,0.08853,0.96276
0.12626,0.08853,0.96276
0.12626,0.08853,0.96276
0.12626,0.08853,0.96276
0.12626,0.08853,0.96276
0.12626,0.08853,0.96276
0.12626,0.08853,0.96276
0.12626,0.08853,0.96276
0.12626,0.08853,0.96276
0.12626,0.08853,0.96276
0.12626,0.08853,0.96276
0.12626,0.08853,0.96276
0.12626,0.08853,0.96276
0.12626,0.08853,0.96276
0.12626,0.08853,0.96276
0.12626,0.08853,0.96276
0.12626,0.08853,0.96276
0.12626,0.08853,0.96276
0.12626,0.08853,0.96276
0.12626,0.08853,0.96276
0.12626,0.08853,0.96276
0.12626,0.08853,0.96276
0.12626,0.08853,0.96276
0.12626,0.08853,0.96276
0.12626,0.08853,0.96276
0.12626,0.08853,0.96276
0.12626,0.08853,0.96276
0.12626,0.08853,0.96276
0.12626,0.08853,0.96276
0.12626,0.08853,0.96276
0.12626,0.08853,0.96276
0.12626,0.08853,0.96276
0.12626,0.08853,0.96276
0.12626,0.08853,0.96276
0.12626,0.08853,0.96276
0.12626,0.08853,0.96276
0.12626,0.08853,0.96276
0.12626,0.08853,0.96276
0.12626,0.08853,0.96276
0.10503,0.09721,1.03335
0.10503,0.09721,1.03335
0.10503,0.09721,1.03335
0.10503,0.09721,1.03335
0.10503,0.09721,1.03335
0.10503,0.09721,1.03335
0.10503,0.09721,1.03335
0.10503,0.09721,1.03335
0.10503,0.09721,1.03335
0.10503,0.09721,1.03335
0.10503,0.09721,1.03335
0.10503,0.09721,1.03335
0.10503,0.09721,1.03335
0.10503,0.09721,1.03335
0.10503,0.09721,1.03335
0.10503,0.09721,1.03335
0.10503,0.09721,1.03335
0.10503,0.09721,1.03335
0.10503,0.09721,1.03335
0.10503,0.09721,1.03335
0.10503,0.09721,1.03335
0.10503,0.09721,1.03335
0.10503,0.09721,1.03335
0.10503,0.09721,1.03335
0.10503,0.09721,1.03335
0.10503,0.09721,1.03335
0.10503,0.09721,1.03335
0.10503,0.09721,1.03335
0.10503,0.09721,1.03335
0.10503,0.09721,1.03335
0.10503,0.09721,1.03335
0.10503,0.09721,1.03335
0.10503,0.09721,1.03335
0.10503,0.09721,1.03335
0.10503,0.09721,1.03335
0.10503,0.09721,1.03335
0.10503,0.09721,1.03335
0.10503,0.09721,1.03335
0.10503,0.09721,1.03335
0.10503,0.09721,1.03335
0.10503,0.09721,1.03335
0.10503,0.09721,1.03335
0.10503,0.09721,1.03335
0.10503,0.09721,1.03335
0.10503,0.09721,1.03335
0.10503,0.09721,1.03335
0.10503,0.09721,1.03335
0.10503,0.09721,1.03335
0.10503,0.09721,1.03335
0.10503,0.09721,1.03335
0.10503,0.09721,1.03335
0.10503,0.09721,1.03335
0.10503,0.09721,1.03335
0.10503,0.09721,1.03335
0.10503,0.09721,1.03335
0.10503,0.09721,1.03335
0.10503,0.09721,1.03335
0.10503,0.09721,1.03335
0.10503,0.09721,1.03335
0.10503,0.09721,1.03335
0.10503,0.09721,1.03335
0.10503,0.09721,1.03335
0.10503,0.09721,1.03335
0.10503,0.09721,1.03335
0.10503,0.09721,1.03335
0.10503,0.09721,1.03335
0.10503,0.09721,1.03335
0.10503,0.09721,1.03335
0.10503,0.09721,1.03335
0.10503,0.09721,1.03335
0.10503,0.09721,1.03335
0.10503,0.09721,1.03335
0.10503,0.09721,1.03335
0.10503,0.09721,1.03335
0.10503,0.09721,1.03335
0.10503,0.09721,1.03335
0.10503,0.09721,1.03335
0.10503,0.09721,1.03335
0.10503,0.09721,1.03335
0.10503,0.09721,1.03335
0.10503,0.09721,1.03335
0.10503,0.09721,1.03335
0.10503,0.09721,1.03335
0.10503,0.09721,1.03335
0.10503,0.09721,1.03335
0.10503,0.09721,1.03335
0.10503,0.09721,1.03335
0.10503,0.09721,1.03335
0.10503,0.09721,1.03335
0.10503,0.09721,1.03335
0.10503,0.09721,1.03335
0.10503,0.09721,1.03335
0.10503,0.09721,1.03335
0.10503,0.09721,1.03335
0.10503,0.09721,1.03335
0.10503,0.09721,1.03335
0.10503,0.09721,1.03335
0.10503,0.09721,1.03335
0.10503,0.09721,1.03335
0.10503,0.09721,1.03335
0.10503,0.09721,1.03335
0.10503,0.09721,1.03335
0.10503,0.09721,1.03335
0.10503,0.09721,1.03335
0.10503,0.09721,1.03335
0.10503,0.09721,1.03335
0.10503,0.09721,1.03335
0.10503,0.09721,1.03335
0.10503,0.09721,1.03335
0.10503,0.09721,1.03335
0.10503,0.09721,1.03335
0.10503,0.09721,1.03335
0.10503,0.09721,1.03335
0.10503,0.09721,1.03335
0.10503,0.09721,1.03335
0.10503,0.09721,1.03335
0.10503,0.09721,1.03335
0.10503,0.09721,1.03335
0.10503,0.09721,1.03335
0.10503,0.09721,1.03335
0.10503,0.09721,1.03335
0.10503,0.09721,1.03335
0.10503,0.09721,1.03335
0.10503,0.09721,1.03335
0.10503,0.09721,1.03335
0.10503,0.09721,1.03335
0.10503,0.09721,1.03335
0.10503,0.09721,1.03335
0.10503,0.09721,1.03335
0.10503,0.09721,1.03335
0.10503,0.09721,1.03335
0.10503,0.09721,1.03335
0.10503,0.09721,1.03335
0.10503,0.09721,1.03335
0.10503,0.09721,1.03335
0.10503,0.09721,1.03335
0.10503,0.09721,1.03335
0.10503,0.09721,1.03335
0.10503,0.09721,1.03335
0.10503,0.09721,1.03335
0.10503,0.09721,1.03335
0.10503,0.09721,1.03335
0.10503,0.09721,1.03335
0.10503,0.09721,1.03335
0.10503,0.09721,1.03335
0.10503,0.09721,1.03335
0.10503,0.09721,1.03335
0.10503,0.09721,1.03335
0.10503,0.09721,1.03335
0.10503,0.09721,1.03335
0.10503,0.09721,1.03335
0.10503,0.09721,1.03335
0.10503,0.09721,1.03335
0.10503,0.09721,1.03335
0.10503,0.09721,1.03335
0.10503,0.09721,1.03335
0.10503,0.09721,1.03335
0.10503,0.09721,1.03335
0.10503,0.09721,1.03335
0.10503,0.09721,1.03335
0.10503,0.09721,1.03335
0.10503,0.09721,1.03335
0.10503,0.09721,1.03335
0.10503,0.09721,1.03335
0.10503,0.09721,1.03335
0.10503,0.09721,1.03335
0.10503,0.09721,1.03335
0.10503,0.09721,1.03335
0.10503,0.09721,1.03335
0.10503,0.09721,1.03335
0.10503,0.09721,1.03335
0.10503,0.09721,1.03335
0.10503,0.09721,1.03335
0.10503,0.09721,1.03335
0.10503,0.09721,1.03335
0.10503,0.09721,1.03335
0.10503,0.09721,1.03335
0.10503,0.09721,1.03335
0.10503,0.09721,1.03335
0.10503,0.09721,1.03335
0.10503,0.09721,1.03335
0.10503,0.09721,1.03335
0.10503,0.09721,1.03335
0.10503,0.09721,1.03335
0.10503,0.09721,1.03335
0.10503,0.09721,1.03335
0.10503,0.09721,1.03335
0.10503,0.09721,1.03335
0.10503,0.09721,1.03335
0.10503,0.09721,1.03335
0.10503,0.09721,1.03335
0.10503,0.09721,1.03335
0.10503,0.09721,1.03335
0.10503,0.09721,1.03335
0.10503,0.09721,1.03335
0.10503,0.09721,1.03335
0.10503,0.09721,1.03335
0.10503,0.09721,1.03335
0.10503,0.09721,1.03335
0.10503,0.09721,1.03335
0.10503,0.09721,1.03335
0.10503,0.09721,1.03335
0.10503,0.09721,1.03335
0.10503,0.09721,1.03335
0.10503,0.09721,1.03335
0.10503,0.09721,1.03335
0.10503,0.09721,1.03335
0.10503,0.09721,1.03335
0.10503,0.09721,1.03335
0.10503,0.09721,1.03335
0.10503,0.09721,1.03335
0.10503,0.09721,1.03335
0.10503,0.09721,1.03335
0.10503,0.09721,1.03335
0.10503,0.09721,1.03335
0.10503,0.09721,1.03335
0.10503,0.09721,1.03335
0.10503,0.09721,1.03335
0.10503,0.09721,1.03335
0.10503,0.09721,1.03335
0.10503,0.09721,1.03335
0.10503,0.09721,1.03335
0.10503,0.09721,1.03335
0.10503,0.09721,1.03335
0.10503,0.09721,1.03335
0.10503,0.09721,1.03335
0.10503,0.09721,1.03335
0.10503,0.09721,1.03335
0.10503,0.09721,1.03335
0.10503,0.09721,1.03335
0.10503,0.09721,1.03335
0.10503,0.09721,1.03335
0.10503,0.09721,1.03335
0.10503,0.09721,1.03335
0.10503,0.09721,1.03335
0.10503,0.09721,1.03335
0.10503,0.09721,1.03335
0.10503,0.09721,1.03335
0.10503,0.09721,1.03335
0.10503,0.09721,1.03335
0.10503,0.09721,1.03335
0.10503,0.09721,1.03335
0.10503,0.09721,1.03335
0.10503,0.09721,1.03335
0.10503,0.09721,1.03335
0.10503,0.09721,1.03335
0.10503,0.09721,1.03335
0.10503,0.09721,1.03335
0.10503,0.09721,1.03335
0.10503,0.09721,1.03335
0.10503,0.09721,1.03335
0.10503,0.09721,1.03335
0.10503,0.09721,1.03335
0.10503,0.09721,1.03335
0.10503,0.09721,1.03335
0.10503,0.09721,1.03335
0.10503,0.09721,1.03335
0.10503,0.09721,1.03335
0.10503,0.09721,1.03335
0.10503,0.09721,1.03335
0.10503,0.09721,1.03335
0.10503,0.09721,1.03335
0.10503,0.09721,1.03335
0.10503,0.09721,1.03335
0.10503,0.09721,1.03335
0.10503,0.09721,1.03335
0.10503,0.09721,1.03335
0.10503,0.09721,1.03335
0.10503,0.09721,1.03335
0.10503,0.09721,1.03335
0.10503,0.09721,1.03335
0.10503,0.09721,1.03335
0.10503,0.09721,1.03335
0.10503,0.09721,1.03335
0.10503,0.09721,1.03335
0.10503,0.09721,1.03335
0.10503,0.09721,1.03335
0.10503,0.09721,1.03335
0.10503,0.09721,1.03335
0.10503,0.09721,1.03335
0.10503,0.09721,1.03335
0.10503,0.09721,1.03335
0.10503,0.09721,1.03335
0.10503,0.09721,1.03335
0.10503,0.09721,1.03335
0.10503,0.09721,1.03335
0.10503,0.09721,1.03335
0.10503,0.09721,1.03335
0.10503,0.09721,1.03335
0.10503,0.09721,1.03335
0.10503,0.09721,1.03335
0.10503,0.09721,1.03335
0.10503,0.09721,1.03335
0.10503,0.09721,1.03335
0.10503,0.09721,1.03335
0.10503,0.09721,1.03335
0.10503,0.09721,1.03335
0.10503,0.09721,1.03335
0.10503,0.09721,1.03335
0.10503,0.09721,1.03335
0.10503,0.09721,1.03335
0.10503,0.09721,1.03335
0.10503,0.09721,1.03335
0.10503,0.09721,1.03335
0.10503,0.09721,1.03335
0.10503,0.09721,1.03335
0.10503,0.09721,1.03335
0.10503,0.09721,1.03335
0.10503,0.09721,1.03335
0.10503,0.09721,1.03335
0.10503,0.09721,1.03335
0.10503,0.09721,1.03335
0.10503,0.09721,1.03335
0.10503,0.09721,1.03335
0.10503,0.09721,1.03335
0.10503,0.09721,1.03335
0.10503,0.09721,1.03335
0.10503,0.09721,1.03335
0.10503,0.09721,1.03335
0.10503,0.09721,1.03335
0.10503,0.09721,1.03335
0.10503,0.09721,1.03335
0.10503,0.09721,1.03335
0.10503,0.09721,1.03335
0.10503,0.09721,1.03335
0.10503,0.09721,1.03335
0.10503,0.09721,1.03335
0.10503,0.09721,1.03335
0.10503,0.09721,1.03335
0.10503,0.09721,1.03335
0.10503,0.09721,1.03335
0.10503,0.09721,1.03335
0.10503,0.09721,1.03335
0.10503,0.09721,1.03335
0.10503,0.09721,1.03335
0.10503,0.09721,1.03335
0.10503,0.09721,1.03335
0.10503,0.09721,1.03335
0.10503,0.09721,1.03335
0.10503,0.09721,1.03335
0.10503,0.09721,1.03335
0.10503,0.09721,1.03335
0.10503,0.09721,1.03335
0.10503,0.09721,1.03335
0.10503,0.09721,1.03335
0.10503,0.09721,1.03335
0.10503,0.09721,1.03335
0.10503,0.09721,1.03335
0.10503,0.09721,1.03335
0.10503,0.09721,1.03335
0.10503,0.09721,1.03335
0.10503,0.09721,1.03335
0.10503,0.09721,1.03335
0.10503,0.09721,1.03335
0.10503,0.09721,1.03335
0.10503,0.09721,1.03335
0.10503,0.09721,1.03335
0.10503,0.09721,1.03335
0.10503,0.09721,1.03335
0.10503,0.09721,1.03335
0.10503,0.09721,1.03335
0.10503,0.09721,1.03335
0.10503,0.09721,1.03335
0.10503,0.09721,1.03335
0.10503,0.09721,1.03335
0.10503,0.09721,1.03335
0.10503,0.09721,1.03335
0.10503,0.09721,1.03335
0.10503,0.09721,1.03335
0.10503,0.09721,1.03335
0.10503,0.09721,1.03335
0.10503,0.09721,1.03335
0.10503,0.09721,1.03335
0.10503,0.09721,1.03335
0.10503,0.09721,1.03335
0.10503,0.09721,1.03335
0.10503,0.09721,1.03335
0.10503,0.09721,1.03335
0.10503,0.09721,1.03335
0.10503,0.09721,1.03335
0.10503,0.09721,1.03335
0.10503,0.09721,1.03335
0.10503,0.09721,1.03335
0.10503,0.09721,1.03335
0.10503,0.09721,1.03335
0.10503,0.09721,1.03335
0.10503,0.09721,1.03335
0.10503,0.09721,1.03335
0.10503,0.09721,1.03335
0.10503,0.09721,1.03335
0.10503,0.09721,1.03335
0.10503,0.09721,1.03335
0.10503,0.09721,1.03335
0.10503,0.09721,1.03335
0.10503,0.09721,1.03335
0.10503,0.09721,1.03335
0.10503,0.09721,1.03335
0.10503,0.09721,1.03335
0.10503,0.09721,1.03335
0.10503,0.09721,1.03335
0.10503,0.09721,1.03335
0.10503,0.09721,1.03335
0.10503,0.09721,1.03335
0.10503,0.09721,1.03335
0.10503,0.09721,1.03335
0.10503,0.09721,1.03335
0.10503,0.09721,1.03335
0.10503,0.09721,1.03335
0.10503,0.09721,1.03335
0.10503,0.09721,1.03335
0.10503,0.09721,1.03335
0.10503,0.09721,1.03335
0.10503,0.09721,1.03335
0.10503,0.09721,1.03335
0.10503,0.09721,1.03335
0.10503,0.09721,1.03335
0.10503,0.09721,1.03335
0.10503,0.09721,1.03335
0.10503,0.09721,1.03335
0.10503,0.09721,1.03335
0.10503,0.09721,1.03335
0.10503,0.09721,1.03335
0.10503,0.09721,1.03335
0.10503,0.09721,1.03335
0.10503,0.09721,1.03335
0.10503,0.09721,1.03335
0.10503,0.09721,1.03335
0.10503,0.09721,1.03335
0.10503,0.09721,1.03335
0.10503,0.09721,1.03335
0.10503,0.09721,1.03335
0.10503,0.09721,1.03335
0.10503,0.09721,1.03335
0.10503,0.09721,1.03335
0.10503,0.09721,1.03335
0.10503,0.09721,1.03335
0.10503,0.09721,1.03335
0.10503,0.09721,1.03335
0.10503,0.09721,1.03335
0.10503,0.09721,1.03335
0.10503,0.09721,1.03335
0.10503,0.09721,1.03335
0.10503,0.09721,1.03335
0.10503,0.09721,1.03335
0.10503,0.09721,1.03335
0.10503,0.09721,1.03335
0.10503,0.09721,1.03335
0.10503,0.09721,1.03335
0.10503,0.09721,1.03335
0.10503,0.09721,1.03335
0.10503,0.09721,1.03335
0.10503,0.09721,1.03335
0.10503,0.09721,1.03335
0.10503,0.09721,1.03335
0.10503,0.09721,1.03335
0.10503,0.09721,1.03335
0.10503,0.09721,1.03335
0.10503,0.09721,1.03335
0.10503,0.09721,1.03335
0.10503,0.09721,1.03335
0.10503,0.09721,1.03335
0.10503,0.09721,1.03335
0.10503,0.09721,1.03335
0.10503,0.09721,1.03335
0.10503,0.09721,1.03335
0.10503,0.09721,1.03335
0.10503,0.09721,1.03335
0.10503,0.09721,1.03335
0.10503,0.09721,1.03335
0.10503,0.09721,1.03335
0.10503,0.09721,1.03335
0.10503,0.09721,1.03335
0.10503,0.09721,1.03335
0.10503,0.09721,1.03335
0.10503,0.09721,1.03335
0.10503,0.09721,1.03335
0.10503,0.09721,1.03335
0.10503,0.09721,1.03335
0.10503,0.09721,1.03335
0.10503,0.09721,1.03335
0.10503,0.09721,1.03335
0.10503,0.09721,1.03335
0.10503,0.09721,1.03335
0.10503,0.09721,1.03335
0.10503,0.09721,1.03335
0.10503,0.09721,1.03335
0.10503,0.09721,1.03335
0.10503,0.09721,1.03335
0.10503,0.09721,1.03335
0.10503,0.09721,1.03335
0.10503,0.09721,1.03335
0.10503,0.09721,1.03335
0.10503,0.09721,1.03335
0.10503,0.09721,1.03335
0.10503,0.09721,1.03335
0.10503,0.09721,1.03335
0.10503,0.09721,1.03335
0.10503,0.09721,1.03335
0.10503,0.09721,1.03335
0.10503,0.09721,1.03335
0.10503,0.09721,1.03335
0.10503,0.09721,1.03335
0.10503,0.09721,1.03335
0.10503,0.09721,1.03335
0.10503,0.09721,1.03335
0.10503,0.09721,1.03335
0.10503,0.09721,1.03335
0.10503,0.09721,1.03335
0.10503,0.09721,1.03335
0.10503,0.09721,1.03335
0.10503,0.09721,1.03335
0.10503,0.09721,1.03335
0.10503,0.09721,1.03335
0.10503,0.09721,1.03335
0.10503,0.09721,1.03335
0.10503,0.09721,1.03335
0.10503,0.09721,1.03335
0.10503,0.09721,1.03335
0.10503,0.09721,1.03335
0.10503,0.09721,1.03335
0.10503,0.09721,1.03335
0.10503,0.09721,1.03335
0.10503,0.09721,1.03335
0.10503,0.09721,1.03335
0.10503,0.09721,1.03335
0.10503,0.09721,1.03335
0.10503,0.09721,1.03335
0.10503,0.09721,1.03335
0.10503,0.09721,1.03335
0.10503,0.09721,1.03335
0.10503,0.09721,1.03335
0.10503,0.09721,1.03335
0.10503,0.09721,1.03335
0.10503,0.09721,1.03335
0.10503,0.09721,1.03335
0.10503,0.09721,1.03335
0.10503,0.09721,1.03335
0.10503,0.09721,1.03335
0.10503,0.09721,1.03335
0.10503,0.09721,1.03335
0.10503,0.09721,1.03335
0.10503,0.09721,1.03335
0.10503,0.09721,1.03335
0.10503,0.09721,1.03335
0.10503,0.09721,1.03335
0.10503,0.09721,1.03335
0.10503,0.09721,1.03335
0.10503,0.09721,1.03335
0.10503,0.09721,1.03335
0.10503,0.09721,1.03335
0.10503,0.09721,1.03335
0.10503,0.09721,1.03335
0.10503,0.09721,1.03335
0.10503,0.09721,1.03335
0.10503,0.09721,1.03335
0.10503,0.09721,1.03335
0.10503,0.09721,1.03335
0.10503,0.09721,1.03335
0.10503,0.09721,1.03335
0.10503,0.09721,1.03335
0.10503,0.09721,1.03335
0.10503,0.09721,1.03335
0.10503,0.09721,1.03335
0.10503,0.09721,1.03335
0.10503,0.09721,1.03335
0.10503,0.09721,1.03335
0.10503,0.09721,1.03335
0.10503,0.09721,1.03335
0.10503,0.09721,1.03335
0.10503,0.09721,1.03335
0.10503,0.09721,1.03335
0.10503,0.09721,1.03335
0.10503,0.09721,1.03335
0.10503,0.09721,1.03335
0.10503,0.09721,1.03335
0.10503,0.09721,1.03335
0.10503,0.09721,1.03335
0.10503,0.09721,1.03335
0.10503,0.09721,1.03335
0.10503,0.09721,1.03335
0.10503,0.09721,1.03335
0.10503,0.09721,1.03335
0.10503,0.09721,1.03335
0.10503,0.09721,1.03335
0.10503,0.09721,1.03335
0.10503,0.09721,1.03335
0.10503,0.09721,1.03335
0.10503,0.09721,1.03335
0.10503,0.09721,1.03335
0.10503,0.09721,1.03335
0.10503,0.09721,1.03335
0.10503,0.09721,1.03335
0.10503,0.09721,1.03335
0.10503,0.09721,1.03335
0.10503,0.09721,1.03335
0.10503,0.09721,1.03335
0.10503,0.09721,1.03335
0.10503,0.09721,1.03335
0.10503,0.09721,1.03335
0.10503,0.09721,1.03335
0.10503,0.09721,1.03335
0.10503,0.09721,1.03335
0.10503,0.09721,1.03335
0.10503,0.09721,1.03335
0.10503,0.09721,1.03335
0.10503,0.09721,1.03335
0.10503,0.09721,1.03335
0.10503,0.09721,1.03335
0.10503,0.09721,1.03335
0.10503,0.09721,1.03335
0.10503,0.09721,1.03335
0.10503,0.09721,1.03335
0.10503,0.09721,1.03335
0.10503,0.09721,1.03335
0.10503,0.09721,1.03335
0.10503,0.09721,1.03335
0.10503,0.09721,1.03335
0.10503,0.09721,1.03335
0.10503,0.09721,1.03335
0.10503,0.09721,1.03335
0.10503,0.09721,1.03335
0.10503,0.09721,1.03335
0.10503,0.09721,1.03335
0.10503,0.09721,1.03335
0.10503,0.09721,1.03335
0.10503,0.09721,1.03335
0.10503,0.09721,1.03335
0.10503,0.09721,1.03335
0.10503,0.09721,1.03335
0.10503,0.09721,1.03335
0.10503,0.09721,1.03335
0.10503,0.09721,1.03335
0.10503,0.09721,1.03335
0.10503,0.09721,1.03335
0.10503,0.09721,1.03335
0.10503,0.09721,1.03335
0.10503,0.09721,1.03335
0.10503,0.09721,1.03335
0.10503,0.09721,1.03335
0.10503,0.09721,1.03335
0.10503,0.09721,1.03335
0.10503,0.09721,1.03335
0.10503,0.09721,1.03335
0.10503,0.09721,1.03335
0.10503,0.09721,1.03335
0.10503,0.09721,1.03335
0.10503,0.09721,1.03335
0.10503,0.09721,1.03335
0.10503,0.09721,1.03335
0.10503,0.09721,1.03335
0.10503,0.09721,1.03335
0.10503,0.09721,1.03335
0.10503,0.09721,1.03335
0.10503,0.09721,1.03335
0.10503,0.09721,1.03335
0.10503,0.09721,1.03335
0.10503,0.09721,1.03335
0.10503,0.09721,1.03335
0.10503,0.09721,1.03335
0.10503,0.09721,1.03335
0.10503,0.09721,1.03335
0.10503,0.09721,1.03335
0.10503,0.09721,1.03335
0.10503,0.09721,1.03335
0.10503,0.09721,1.03335
0.10503,0.09721,1.03335
0.10503,0.09721,1.03335
0.10503,0.09721,1.03335
0.10503,0.09721,1.03335
0.10503,0.09721,1.03335
0.10503,0.09721,1.03335
0.10503,0.09721,1.03335
0.10503,0.09721,1.03335
0.10503,0.09721,1.03335
0.10503,0.09721,1.03335
0.10503,0.09721,1.03335
0.10503,0.09721,1.03335
0.10503,0.09721,1.03335
0.10503,0.09721,1.03335
0.10503,0.09721,1.03335
0.10503,0.09721,1.03335
0.10503,0.09721,1.03335
0.10503,0.09721,1.03335
0.10503,0.09721,1.03335
0.10503,0.09721,1.03335
0.10503,0.09721,1.03335
0.10503,0.09721,1.03335
0.10503,0.09721,1.03335
0.10503,0.09721,1.03335
0.10503,0.09721,1.03335
0.10503,0.09721,1.03335
0.10503,0.09721,1.03335
0.10503,0.09721,1.03335
0.10503,0.09721,1.03335
0.10503,0.09721,1.03335
0.10503,0.09721,1.03335
0.10503,0.09721,1.03335
0.10503,0.09721,1.03335
0.10503,0.09721,1.03335
0.10503,0.09721,1.03335
0.10503,0.09721,1.03335
0.10503,0.09721,1.03335
0.10503,0.09721,1.03335
0.10503,0.09721,1.03335
0.10503,0.09721,1.03335
0.10503,0.09721,1.03335
0.10503,0.09721,1.03335
0.10503,0.09721,1.03335
0.10503,0.09721,1.03335
0.10503,0.09721,1.03335
0.10503,0.09721,1.03335
0.10503,0.09721,1.03335
0.10503,0.09721,1.03335
0.10503,0.09721,1.03335
0.10503,0.09721,1.03335
0.10503,0.09721,1.03335
0.10503,0.09721,1.03335
0.10503,0.09721,1.03335
0.10503,0.09721,1.03335
0.10503,0.09721,1.03335
0.10503,0.09721,1.03335
0.10503,0.09721,1.03335
0.10503,0.09721,1.03335
0.10503,0.09721,1.03335
0.10503,0.09721,1.03335
0.10503,0.09721,1.03335
0.10503,0.09721,1.03335
0.10503,0.09721,1.03335
0.10503,0.09721,1.03335
0.10503,0.09721,1.03335
0.10503,0.09721,1.03335
0.10503,0.09721,1.03335
0.10503,0.09721,1.03335
0.10503,0.09721,1.03335
0.10503,0.09721,1.03335
0.10503,0.09721,1.03335
0.10503,0.09721,1.03335
0.10503,0.09721,1.03335
0.10503,0.09721,1.03335
0.10503,0.09721,1.03335
0.10503,0.09721,1.03335
0.10503,0.09721,1.03335
0.10503,0.09721,1.03335
0.10503,0.09721,1.03335
0.10503,0.09721,1.03335
0.10503,0.09721,1.03335
0.10503,0.09721,1.03335
0.10503,0.09721,1.03335
0.10503,0.09721,1.03335
0.10503,0.09721,1.03335
0.10503,0.09721,1.03335
0.10503,0.09721,1.03335
0.10503,0.09721,1.03335
0.10503,0.09721,1.03335
0.10503,0.09721,1.03335
0.10503,0.09721,1.03335
0.10503,0.09721,1.03335
0.10503,0.09721,1.03335
0.10503,0.09721,1.03335
0.10503,0.09721,1.03335
0.10503,0.09721,1.03335
0.10503,0.09721,1.03335
0.10503,0.09721,1.03335
0.10503,0.09721,1.03335
0.10503,0.09721,1.03335
0.10503,0.09721,1.03335
0.10503,0.09721,1.03335
0.10503,0.09721,1.03335
0.10503,0.09721,1.03335
0.10503,0.09721,1.03335
0.10503,0.09721,1.03335
0.10503,0.09721,1.03335
0.10503,0.09721,1.03335
0.10503,0.09721,1.03335
0.10503,0.09721,1.03335
0.10503,0.09721,1.03335
0.10503,0.09721,1.03335
0.10503,0.09721,1.03335
0.10503,0.09721,1.03335
0.10503,0.09721,1.03335
0.10503,0.09721,1.03335
0.10503,0.09721,1.03335
0.10503,0.09721,1.03335
0.10503,0.09721,1.03335
0.10503,0.09721,1.03335
0.10503,0.09721,1.03335
0.10503,0.09721,1.03335
0.10503,0.09721,1.03335
0.10503,0.09721,1.03335
0.10503,0.09721,1.03335
0.10503,0.09721,1.03335
0.10503,0.09721,1.03335
0.10503,0.09721,1.03335
0.10503,0.09721,1.03335
0.10503,0.09721,1.03335
0.10503,0.09721,1.03335
0.10503,0.09721,1.03335
0.10503,0.09721,1.03335
0.10503,0.09721,1.03335
0.10503,0.09721,1.03335
0.10503,0.09721,1.03335
0.10503,0.09721,1.03335
0.10503,0.09721,1.03335
0.10503,0.09721,1.03335
0.10503,0.09721,1.03335
0.10503,0.09721,1.03335
0.10503,0.09721,1.03335
0.10503,0.09721,1.03335
0.10503,0.09721,1.03335
0.10503,0.09721,1.03335
0.10503,0.09721,1.03335
0.10503,0.09721,1.03335
0.10503,0.09721,1.03335
0.10503,0.09721,1.03335
0.10503,0.09721,1.03335
0.10503,0.09721,1.03335
0.10503,0.09721,1.03335
0.10503,0.09721,1.03335
0.10503,0.09721,1.03335
0.10503,0.09721,1.03335
0.10503,0.09721,1.03335
0.10503,0.09721,1.03335
0.10503,0.09721,1.03335
0.10503,0.09721,1.03335
0.10503,0.09721,1.03335
0.10503,0.09721,1.03335
0.10503,0.09721,1.03335
0.10503,0.09721,1.03335
0.10503,0.09721,1.03335
0.10503,0.09721,1.03335
0.10503,0.09721,1.03335
0.10503,0.09721,1.03335
0.10503,0.09721,1.03335
0.10503,0.09721,1.03335
0.10503,0.09721,1.03335
0.10503,0.09721,1.03335
0.10503,0.09721,1.03335
0.10503,0.09721,1.03335
0.10503,0.09721,1.03335
0.10503,0.09721,1.03335
0.10503,0.09721,1.03335
0.10503,0.09721,1.03335
0.10503,0.09721,1.03335
0.10503,0.09721,1.03335
0.10503,0.09721,1.03335
0.10503,0.09721,1.03335
0.10503,0.09721,1.03335
0.10503,0.09721,1.03335
0.10503,0.09721,1.03335
0.10503,0.09721,1.03335
0.10503,0.09721,1.03335
0.10503,0.09721,1.03335
0.10503,0.09721,1.03335
0.10503,0.09721,1.03335
0.10503,0.09721,1.03335
0.10503,0.09721,1.03335
0.10503,0.09721,1.03335
0.10503,0.09721,1.03335
0.10503,0.09721,1.03335
0.10503,0.09721,1.03335
0.10503,0.09721,1.03335
0.10503,0.09721,1.03335
0.10503,0.09721,1.03335
0.10503,0.09721,1.03335
0.10503,0.09721,1.03335
0.10503,0.09721,1.03335
0.10503,0.09721,1.03335
0.10503,0.09721,1.03335
0.10503,0.09721,1.03335
0.10503,0.09721,1.03335
0.10503,0.09721,1.03335
0.10503,0.09721,1.03335
0.10503,0.09721,1.03335
0.10503,0.09721,1.03335
0.10503,0.09721,1.03335
0.10503,0.09721,1.03335
0.10503,0.09721,1.03335
0.10503,0.09721,1.03335
0.10503,0.09721,1.03335
0.10503,0.09721,1.03335
0.10503,0.09721,1.03335
0.10503,0.09721,1.03335
0.10503,0.09721,1.03335
0.10503,0.09721,1.03335
0.10503,0.09721,1.03335
0.10503,0.09721,1.03335
0.10503,0.09721,1.03335
0.10503,0.09721,1.03335
0.10503,0.09721,1.03335
0.10503,0.09721,1.03335
0.10503,0.09721,1.03335
0.10503,0.09721,1.03335
0.10503,0.09721,1.03335
0.10503,0.09721,1.03335
0.10503,0.09721,1.03335
0.10503,0.09721,1.03335
0.10503,0.09721,1.03335
0.10503,0.09721,1.03335
0.10503,0.09721,1.03335
0.10503,0.09721,1.03335
0.10503,0.09721,1.03335
0.10503,0.09721,1.03335
0.10503,0.09721,1.03335
0.10503,0.09721,1.03335
0.10503,0.09721,1.03335
0.10503,0.09721,1.03335
0.10503,0.09721,1.03335
0.10503,0.09721,1.03335
0.10503,0.09721,1.03335
0.10503,0.09721,1.03335
0.10503,0.09721,1.03335
0.10503,0.09721,1.03335
0.10503,0.09721,1.03335
0.10503,0.09721,1.03335
0.10503,0.09721,1.03335
0.10503,0.09721,1.03335
0.10503,0.09721,1.03335
0.10503,0.09721,1.03335
0.10503,0.09721,1.03335
0.10503,0.09721,1.03335
0.10503,0.09721,1.03335
0.10503,0.09721,1.03335
0.10503,0.09721,1.03335
0.10503,0.09721,1.03335
0.10503,0.09721,1.03335
0.10503,0.09721,1.03335
0.10503,0.09721,1.03335
0.10503,0.09721,1.03335
0.10503,0.09721,1.03335
0.10503,0.09721,1.03335
0.10503,0.09721,1.03335
0.10503,0.09721,1.03335
0.10503,0.09721,1.03335
0.10503,0.09721,1.03335
0.10503,0.09721,1.03335
0.10503,0.09721,1.03335
0.10503,0.09721,1.03335
0.10503,0.09721,1.03335
0.10503,0.09721,1.03335
0.10503,0.09721,1.03335
0.10503,0.09721,1.03335
0.10503,0.09721,1.03335
0.10503,0.09721,1.03335
0.10503,0.09721,1.03335
0.10503,0.09721,1.03335
0.10503,0.09721,1.03335
0.10503,0.09721,1.03335
0.10503,0.09721,1.03335
0.10503,0.09721,1.03335
0.10503,0.09721,1.03335
0.10503,0.09721,1.03335
0.10503,0.09721,1.03335
0.10503,0.09721,1.03335
0.10503,0.09721,1.03335
0.10503,0.09721,1.03335
0.10503,0.09721,1.03335
0.10503,0.09721,1.03335
0.10503,0.09721,1.03335
0.10503,0.09721,1.03335
0.10503,0.09721,1.03335
0.10503,0.09721,1.03335
0.10503,0.09721,1.03335
0.10503,0.09721,1.03335
0.10503,0.09721,1.03335
0.10503,0.09721,1.03335
0.10503,0.09721,1.03335
0.10503,0.09721,1.03335
0.10503,0.09721,1.03335
0.10503,0.09721,1.03335
0.10503,0.09721,1.03335
0.10503,0.09721,1.03335
0.10503,0.09721,1.03335
0.10503,0.09721,1.03335
0.10503,0.09721,1.03335
0.10503,0.09721,1.03335
0.10503,0.09721,1.03335
0.10503,0.09721,1.03335
0.10503,0.09721,1.03335
0.10503,0.09721,1.03335
0.10503,0.09721,1.03335
0.10503,0.09721,1.03335
0.10503,0.09721,1.03335
0.10503,0.09721,1.03335
0.10503,0.09721,1.03335
0.10503,0.09721,1.03335
0.10503,0.09721,1.03335
0.10503,0.09721,1.03335
0.10503,0.09721,1.03335
0.10503,0.09721,1.03335
0.10503,0.09721,1.03335
0.10503,0.09721,1.03335
0.10503,0.09721,1.03335
0.10503,0.09721,1.03335
0.10503,0.09721,1.03335
0.10503,0.09721,1.03335
0.10503,0.09721,1.03335
0.10503,0.09721,1.03335
0.10503,0.09721,1.03335
0.10503,0.09721,1.03335
0.10503,0.09721,1.03335
0.10503,0.09721,1.03335
0.10503,0.09721,1.03335
0.10503,0.09721,1.03335
0.10503,0.09721,1.03335
0.10503,0.09721,1.03335
0.10503,0.09721,1.03335
0.10503,0.09721,1.03335
0.10503,0.09721,1.03335
0.10503,0.09721,1.03335
0.10503,0.09721,1.03335
0.10503,0.09721,1.03335
0.10503,0.09721,1.03335
0.10503,0.09721,1.03335
0.10503,0.09721,1.03335
0.10503,0.09721,1.03335
0.10503,0.09721,1.03335
0.10503,0.09721,1.03335
0.10503,0.09721,1.03335
0.10503,0.09721,1.03335
0.10503,0.09721,1.03335
0.10503,0.09721,1.03335
0.10503,0.09721,1.03335
0.10503,0.09721,1.03335
0.10503,0.09721,1.03335
0.10503,0.09721,1.03335
0.10503,0.09721,1.03335
0.10503,0.09721,1.03335
0.10503,0.09721,1.03335
0.10503,0.09721,1.03335
0.10503,0.09721,1.03335
0.10503,0.09721,1.03335
0.10503,0.09721,1.09694
0.10503,0.09721,1.09694
0.10503,0.09721,1.09694
0.10503,0.09721,1.09694
0.10503,0.09721,1.09694
0.10503,0.09721,1.09694
0.10503,0.09721,1.09694
0.10503,0.09721,1.09694
0.10503,0.09721,1.09694
0.10503,0.09721,1.09694
0.10503,0.09721,1.09694
0.10503,0.09721,1.09694
0.10503,0.09721,1.09694
0.10503,0.09721,1.09694
0.10503,0.09721,1.09694
0.10503,0.09721,1.09694
0.10503,0.09721,1.09694
0.10503,0.09721,1.09694
0.10503,0.09721,1.09694
0.10503,0.09721,1.09694
0.10503,0.09721,1.09694
0.10503,0.09721,1.09694
0.10503,0.09721,1.09694
0.10503,0.09721,1.09694
0.10503,0.09721,1.09694
0.10503,0.09721,1.09694
0.10503,0.09721,1.09694
0.10503,0.09721,1.09694
0.10503,0.09721,1.09694
0.10503,0.09721,1.09694
0.10503,0.09721,1.09694
0.10503,0.09721,1.09694
0.10503,0.09721,1.09694
0.10503,0.09721,1.09694
0.10503,0.09721,1.09694
0.10503,0.09721,1.09694
0.10503,0.09721,1.09694
0.10503,0.09721,1.09694
0.10503,0.09721,1.09694
0.10503,0.09721,1.09694
0.10503,0.09721,1.09694
0.10503,0.09721,1.09694
0.10503,0.09721,1.09694
0.10503,0.09721,1.09694
0.10503,0.09721,1.09694
0.10503,0.09721,1.09694
0.10503,0.09721,1.09694
0.10503,0.09721,1.09694
0.10503,0.09721,1.09694
0.10503,0.09721,1.09694
0.10503,0.09721,1.09694
0.10503,0.09721,1.09694
0.10503,0.09721,1.09694
0.10503,0.09721,1.09694
0.10503,0.09721,1.09694
0.10503,0.09721,1.09694
0.10503,0.09721,1.09694
0.10503,0.09721,1.09694
0.10503,0.09721,1.09694
0.10503,0.09721,1.09694
0.10503,0.09721,1.09694
0.10503,0.09721,1.09694
0.10503,0.09721,1.09694
0.10503,0.09721,1.09694
0.10503,0.09721,1.09694
0.10503,0.09721,1.09694
0.10503,0.09721,1.09694
0.10503,0.09721,1.09694
0.10503,0.09721,1.09694
0.10503,0.09721,1.09694
0.10503,0.09721,1.09694
0.10503,0.09721,1.09694
0.10503,0.09721,1.09694
0.10503,0.09721,1.09694
0.10503,0.09721,1.09694
0.10503,0.09721,1.09694
0.10503,0.09721,1.09694
0.10503,0.09721,1.09694
0.10503,0.09721,1.09694
0.10503,0.09721,1.09694
0.10503,0.09721,1.09694
0.10503,0.09721,1.09694
0.10503,0.09721,1.09694
0.10503,0.09721,1.09694
0.10503,0.09721,1.09694
0.10503,0.09721,1.09694
0.10503,0.09721,1.09694
0.10503,0.09721,1.09694
0.10503,0.09721,1.09694
0.10503,0.09721,1.09694
0.10503,0.09721,1.09694
0.10503,0.09721,1.09694
0.10503,0.09721,1.09694
0.10503,0.09721,1.09694
0.10503,0.09721,1.09694
0.10503,0.09721,1.09694
0.10503,0.09721,1.09694
0.10503,0.09721,1.09694
0.10503,0.09721,1.09694
0.10503,0.09721,1.09694
0.10503,0.09721,1.09694
0.10503,0.09721,1.09694
0.10503,0.09721,1.09694
0.10503,0.09721,1.09694
0.10503,0.09721,1.09694
0.10503,0.09721,1.09694
0.10503,0.09721,1.09694
0.10503,0.09721,1.09694
0.10503,0.09721,1.09694
0.10503,0.09721,1.09694
0.10503,0.09721,1.09694
0.10503,0.09721,1.09694
0.10503,0.09721,1.09694
0.10503,0.09721,1.09694
0.10503,0.09721,1.09694
0.10503,0.09721,1.09694
0.10503,0.09721,1.09694
0.10503,0.09721,1.09694
0.10503,0.09721,1.09694
0.10503,0.09721,1.09694
0.10503,0.09721,1.09694
0.10503,0.09721,1.09694
0.10503,0.09721,1.09694
0.10503,0.09721,1.09694
0.10503,0.09721,1.09694
0.10503,0.09721,1.09694
0.10503,0.09721,1.09694
0.10503,0.09721,1.09694
0.10503,0.09721,1.09694
0.10503,0.09721,1.09694
0.10503,0.09721,1.09694
0.10503,0.09721,1.09694
0.10503,0.09721,1.09694
0.10503,0.09721,1.09694
0.10503,0.09721,1.09694
0.10503,0.09721,1.09694
0.10503,0.09721,1.09694
0.10503,0.09721,1.09694
0.10503,0.09721,1.09694
0.10503,0.09721,1.09694
0.10503,0.09721,1.09694
0.10503,0.09721,1.09694
0.10503,0.09721,1.09694
0.10503,0.09721,1.09694
0.10503,0.09721,1.09694
0.10503,0.09721,1.09694
0.10503,0.09721,1.09694
0.10503,0.09721,1.09694
0.10503,0.09721,1.09694
0.10503,0.09721,1.09694
0.10503,0.09721,1.09694
0.10503,0.09721,1.09694
0.10503,0.09721,1.09694
0.10503,0.09721,1.09694
0.10503,0.09721,1.09694
0.10503,0.09721,1.09694
0.10503,0.09721,1.09694
0.10503,0.09721,1.09694
0.10503,0.09721,1.09694
0.10503,0.09721,1.09694
0.10503,0.09721,1.09694
0.10503,0.09721,1.09694
0.10503,0.09721,1.09694
0.10503,0.09721,1.09694
0.10503,0.09721,1.09694
0.10503,0.09721,1.09694
0.10503,0.09721,1.09694
0.10503,0.09721,1.09694
0.10503,0.09721,1.09694
0.10503,0.09721,1.09694
0.10503,0.09721,1.09694
0.10503,0.09721,1.09694
0.10503,0.09721,1.09694
0.10503,0.09721,1.09694
0.10503,0.09721,1.09694
0.10503,0.09721,1.09694
0.10503,0.09721,1.09694
0.10503,0.09721,1.09694
0.10503,0.09721,1.09694
0.10503,0.09721,1.09694
0.10503,0.09721,1.09694
0.10503,0.09721,1.09694
0.10503,0.09721,1.09694
0.10503,0.09721,1.09694
0.10503,0.09721,1.09694
0.10503,0.09721,1.09694
0.10503,0.09721,1.09694
0.10503,0.09721,1.09694
0.10503,0.09721,1.09694
0.10503,0.09721,1.09694
0.10503,0.09721,1.09694
0.10503,0.09721,1.09694
0.10503,0.09721,1.09694
0.10503,0.09721,1.09694
0.10503,0.09721,1.09694
0.10503,0.09721,1.09694
0.10503,0.09721,1.09694
0.10503,0.09721,1.09694
0.10503,0.09721,1.09694
0.10503,0.09721,1.09694
0.10503,0.09721,1.09694
0.10503,0.09721,1.09694
0.10503,0.09721,1.09694
0.10503,0.09721,1.09694
0.10503,0.09721,1.09694
0.10503,0.09721,1.09694
0.10503,0.09721,1.09694
0.10503,0.09721,1.09694
0.10503,0.09721,1.09694
0.10503,0.09721,1.09694
0.10503,0.09721,1.09694
0.10503,0.09721,1.09694
0.10503,0.09721,1.09694
0.10503,0.09721,1.09694
0.10503,0.09721,1.09694
0.10503,0.09721,1.09694
0.10503,0.09721,1.09694
0.10503,0.09721,1.09694
0.10503,0.09721,1.09694
0.10503,0.09721,1.09694
0.10503,0.09721,1.09694
0.10503,0.09721,1.09694
0.10503,0.09721,1.09694
0.10503,0.09721,1.09694
0.10503,0.09721,1.09694
0.10503,0.09721,1.09694
0.10503,0.09721,1.09694
0.10503,0.09721,1.09694
0.10503,0.09721,1.09694
0.10503,0.09721,1.09694
0.10503,0.09721,1.09694
0.10503,0.09721,1.09694
0.10503,0.09721,1.09694
0.10503,0.09721,1.09694
0.10503,0.09721,1.09694
0.10503,0.09721,1.09694
0.10503,0.09721,1.09694
0.10503,0.09721,1.09694
0.10503,0.09721,1.09694
0.10503,0.09721,1.09694
0.10503,0.09721,1.09694
0.10503,0.09721,1.09694
0.10503,0.09721,1.09694
0.10503,0.09721,1.09694
0.10503,0.09721,1.09694
0.10503,0.09721,1.09694
0.10503,0.09721,1.09694
0.10503,0.09721,1.09694
0.10503,0.09721,1.09694
0.10503,0.09721,1.09694
0.10503,0.09721,1.09694
0.10503,0.09721,1.09694
0.10503,0.09721,1.09694
0.10503,0.09721,1.09694
0.10503,0.09721,1.09694
0.10503,0.09721,1.09694
0.10503,0.09721,1.09694
0.10503,0.09721,1.09694
0.10503,0.09721,1.09694
0.10503,0.09721,1.09694
0.10503,0.09721,1.09694
0.10503,0.09721,1.09694
0.10503,0.09721,1.09694
0.10503,0.09721,1.09694
0.10503,0.09721,1.09694
0.10503,0.09721,1.09694
0.10503,0.09721,1.09694
0.10503,0.09721,1.09694
0.10503,0.09721,1.09694
0.10503,0.09721,1.09694
0.10503,0.09721,1.09694
0.10503,0.09721,1.09694
0.10503,0.09721,1.09694
0.10503,0.09721,1.09694
0.10503,0.09721,1.09694
0.10503,0.09721,1.09694
0.10503,0.09721,1.09694
0.10503,0.09721,1.09694
0.10503,0.09721,1.09694
0.10503,0.09721,1.09694
0.10503,0.09721,1.09694
0.10503,0.09721,1.09694
0.10503,0.09721,1.09694
0.10503,0.09721,1.09694
0.10503,0.09721,1.09694
0.10503,0.09721,1.09694
0.10503,0.09721,1.09694
0.10503,0.09721,1.09694
0.10503,0.09721,1.09694
0.10503,0.09721,1.09694
0.10503,0.09721,1.09694
0.10503,0.09721,1.09694
0.10503,0.09721,1.09694
0.10503,0.09721,1.09694
0.10503,0.09721,1.09694
0.10503,0.09721,1.09694
0.10503,0.09721,1.09694
0.10503,0.09721,1.09694
0.10503,0.09721,1.09694
0.10503,0.09721,1.09694
0.10503,0.09721,1.09694
0.10503,0.09721,1.09694
0.10503,0.09721,1.09694
0.10503,0.09721,1.09694
0.10503,0.09721,1.09694
0.10503,0.09721,1.09694
0.10503,0.09721,1.09694
0.10503,0.09721,1.09694
0.10503,0.09721,1.09694
0.10503,0.09721,1.09694
0.10503,0.09721,1.09694
0.10503,0.09721,1.09694
0.10503,0.09721,1.09694
0.10503,0.09721,1.09694
0.10503,0.09721,1.09694
0.10503,0.09721,1.09694
0.10503,0.09721,1.09694
0.10503,0.09721,1.09694
0.10503,0.09721,1.09694
0.10503,0.09721,1.09694
0.10503,0.09721,1.09694
0.10503,0.09721,1.09694
0.10503,0.09721,1.09694
0.10503,0.09721,1.09694
0.10503,0.09721,1.09694
0.10503,0.09721,1.09694
0.10503,0.09721,1.09694
0.10503,0.09721,1.09694
0.10503,0.09721,1.09694
0.10503,0.09721,1.09694
0.10503,0.09721,1.09694
0.10503,0.09721,1.09694
0.10503,0.09721,1.09694
0.10503,0.09721,1.09694
0.10503,0.09721,1.09694
0.10503,0.09721,1.09694
0.10503,0.09721,1.09694
0.10503,0.09721,1.09694
0.10503,0.09721,1.09694
0.10503,0.09721,1.09694
0.10503,0.09721,1.09694
0.10503,0.09721,1.09694
0.10503,0.09721,1.09694
0.10503,0.09721,1.09694
0.10503,0.09721,1.09694
0.10503,0.09721,1.09694
0.10503,0.09721,1.09694
0.10503,0.09721,1.09694
0.10503,0.09721,1.09694
0.10503,0.09721,1.09694
0.10503,0.09721,1.09694
0.10503,0.09721,1.09694
0.10503,0.09721,1.09694
0.10503,0.09721,1.09694
0.10503,0.09721,1.09694
0.10503,0.09721,1.09694
0.10503,0.09721,1.09694
0.10503,0.09721,1.09694
0.10503,0.09721,1.09694
0.10503,0.09721,1.09694
0.10503,0.09721,1.09694
0.10503,0.09721,1.09694
0.10503,0.09721,1.09694
0.10503,0.09721,1.09694
0.10503,0.09721,1.09694
0.10503,0.09721,1.09694
0.10503,0.09721,1.09694
0.10503,0.09721,1.09694
0.10503,0.09721,1.09694
0.10503,0.09721,1.09694
0.10503,0.09721,1.09694
0.10503,0.09721,1.09694
0.10503,0.09721,1.09694
0.10503,0.09721,1.09694
0.10503,0.09721,1.09694
0.10503,0.09721,1.09694
0.10503,0.09721,1.09694
0.10503,0.09721,1.09694
0.10503,0.09721,1.09694
0.10503,0.09721,1.09694
0.10503,0.09721,1.09694
0.10503,0.09721,1.09694
0.10503,0.09721,1.09694
0.10503,0.09721,1.09694
0.10503,0.09721,1.09694
0.10503,0.09721,1.09694
0.10503,0.09721,1.09694
0.10503,0.09721,1.09694
0.10503,0.09721,1.09694
0.10503,0.09721,1.09694
0.10503,0.09721,1.09694
0.10503,0.09721,1.09694
0.10503,0.09721,1.09694
0.10503,0.09721,1.09694
0.10503,0.09721,1.09694
0.10503,0.09721,1.09694
0.10503,0.09721,1.09694
0.10503,0.09721,1.09694
0.10503,0.09721,1.09694
0.10503,0.09721,1.09694
0.10503,0.09721,1.09694
0.10503,0.09721,1.09694
0.10503,0.09721,1.09694
0.10503,0.09721,1.09694
0.10503,0.09721,1.09694
0.10503,0.09721,1.09694
0.10503,0.09721,1.09694
0.10503,0.09721,1.09694
0.10503,0.09721,1.09694
0.10503,0.09721,1.09694
0.10503,0.09721,1.09694
0.10503,0.09721,1.09694
0.10503,0.09721,1.09694
0.10503,0.09721,1.09694
0.10503,0.09721,1.09694
0.10503,0.09721,1.09694
0.10503,0.09721,1.09694
0.10503,0.09721,1.09694
0.10503,0.09721,1.09694
0.10503,0.09721,1.09694
0.10503,0.09721,1.09694
0.10503,0.09721,1.09694
0.10503,0.09721,1.09694
0.10503,0.09721,1.09694
0.10503,0.09721,1.09694
0.10503,0.09721,1.09694
0.10503,0.09721,1.09694
0.10503,0.09721,1.09694
0.10503,0.09721,1.09694
0.10503,0.09721,1.09694
0.10503,0.09721,1.09694
0.10503,0.09721,1.09694
0.10503,0.09721,1.09694
0.10503,0.09721,1.09694
0.10503,0.09721,1.09694
0.10503,0.09721,1.09694
0.10503,0.09721,1.09694
0.10503,0.09721,1.09694
0.10503,0.09721,1.09694
0.10503,0.09721,1.09694
0.10503,0.09721,1.09694
0.10503,0.09721,1.09694
0.10503,0.09721,1.09694
0.10503,0.09721,1.09694
0.10503,0.09721,1.09694
0.10503,0.09721,1.09694
0.10503,0.09721,1.09694
0.10503,0.09721,1.09694
0.10503,0.09721,1.09694
0.10503,0.09721,1.09694
0.10503,0.09721,1.09694
0.10503,0.09721,1.09694
0.10503,0.09721,1.09694
0.10503,0.09721,1.09694
0.10503,0.09721,1.09694
0.10503,0.09721,1.09694
0.10503,0.09721,1.09694
0.10503,0.09721,1.09694
0.10503,0.09721,1.09694
0.10503,0.09721,1.09694
0.10503,0.09721,1.09694
0.10503,0.09721,1.09694
0.10503,0.09721,1.09694
0.10503,0.09721,1.09694
0.10503,0.09721,1.09694
0.10503,0.09721,1.09694
0.10503,0.09721,1.09694
0.10503,0.09721,1.09694
0.10503,0.09721,1.09694
0.10503,0.09721,1.09694
0.10503,0.09721,1.09694
0.10503,0.09721,1.09694
0.10503,0.09721,1.09694
0.10503,0.09721,1.09694
0.10503,0.09721,1.09694
0.10503,0.09721,1.09694
0.10503,0.09721,1.09694
0.10503,0.09721,1.09694
0.10503,0.09721,1.09694
0.10503,0.09721,1.09694
0.10503,0.09721,1.09694
0.10503,0.09721,1.09694
0.10503,0.09721,1.09694
0.10503,0.09721,1.09694
0.10503,0.09721,1.09694
0.10503,0.09721,1.09694
0.10503,0.09721,1.09694
0.10503,0.09721,1.09694
0.10503,0.09721,1.09694
0.10503,0.09721,1.09694
0.10503,0.09721,1.09694
0.10503,0.09721,1.09694
0.10503,0.09721,1.09694
0.10503,0.09721,1.09694
0.10503,0.09721,1.09694
0.10503,0.09721,1.09694
0.10503,0.09721,1.09694
0.10503,0.09721,1.09694
0.10503,0.09721,1.09694
0.10503,0.09721,1.09694
0.10503,0.09721,1.09694
0.10503,0.09721,1.09694
0.10503,0.09721,1.09694
0.10503,0.09721,1.09694
0.10503,0.09721,1.09694
0.10503,0.09721,1.09694
0.10503,0.09721,1.09694
0.10503,0.09721,1.09694
0.10503,0.09721,1.09694
0.10503,0.09721,1.09694
0.10503,0.09721,1.09694
0.10503,0.09721,1.09694
0.10503,0.09721,1.09694
0.10503,0.09721,1.09694
0.10503,0.09721,1.09694
0.10503,0.09721,1.09694
0.10503,0.09721,1.09694
0.10503,0.09721,1.09694
0.10503,0.09721,1.09694
0.10503,0.09721,1.09694
0.10503,0.09721,1.09694
0.10503,0.09721,1.09694
0.10503,0.09721,1.09694
0.10503,0.09721,1.09694
0.10503,0.09721,1.09694
0.10503,0.09721,1.09694
0.10503,0.09721,1.09694
0.10503,0.09721,1.09694
0.10503,0.09721,1.09694
0.10503,0.09721,1.09694
0.10503,0.09721,1.09694
0.10503,0.09721,1.09694
0.10503,0.09721,1.09694
0.10503,0.09721,1.09694
0.10503,0.09721,1.09694
0.10503,0.09721,1.09694
0.10503,0.09721,1.09694
0.10503,0.09721,1.09694
0.10503,0.09721,1.09694
0.10503,0.09721,1.09694
0.10503,0.09721,1.09694
0.10503,0.09721,1.09694
0.10503,0.09721,1.09694
0.10503,0.09721,1.09694
0.10503,0.09721,1.09694
0.10503,0.09721,1.09694
0.10503,0.09721,1.09694
0.10503,0.09721,1.09694
0.10503,0.09721,1.09694
0.10503,0.09721,1.09694
0.10503,0.09721,1.09694
0.10503,0.09721,1.09694
0.10503,0.09721,1.09694
0.10503,0.09721,1.09694
0.10503,0.09721,1.09694
0.10503,0.09721,1.09694
0.10503,0.09721,1.09694
0.10503,0.09721,1.09694
0.10503,0.09721,1.09694
0.10503,0.09721,1.09694
0.10503,0.09721,1.09694
0.10503,0.09721,1.09694
0.10503,0.09721,1.09694
0.10503,0.09721,1.09694
0.10503,0.09721,1.09694
0.10503,0.09721,1.09694
0.10503,0.09721,1.09694
0.10503,0.09721,1.09694
0.10503,0.09721,1.09694
0.10503,0.09721,1.09694
0.10503,0.09721,1.09694
0.10503,0.09721,1.09694
0.10503,0.09721,1.09694
0.10503,0.09721,1.09694
0.10503,0.09721,1.09694
0.10503,0.09721,1.09694
0.10503,0.09721,1.09694
0.10503,0.09721,1.09694
0.10503,0.09721,1.09694
0.10503,0.09721,1.09694
0.10503,0.09721,1.09694
0.10503,0.09721,1.09694
0.10503,0.09721,1.09694
0.10503,0.09721,1.09694
0.10503,0.09721,1.09694
0.10503,0.09721,1.09694
0.10503,0.09721,1.09694
0.10503,0.09721,1.09694
0.10503,0.09721,1.09694
0.10503,0.09721,1.09694
0.10503,0.09721,1.09694
0.10503,0.09721,1.09694
0.10503,0.09721,1.09694
0.10503,0.09721,1.09694
0.10503,0.09721,1.09694
0.10503,0.09721,1.09694
0.10503,0.09721,1.09694
0.10503,0.09721,1.09694
0.10503,0.09721,1.09694
0.10503,0.09721,1.09694
0.10503,0.09721,1.09694
0.10503,0.09721,1.09694
0.10503,0.09721,1.09694
0.10503,0.09721,1.09694
0.10503,0.09721,1.09694
0.10503,0.09721,1.09694
0.10503,0.09721,1.09694
0.10503,0.09721,1.09694
0.10503,0.09721,1.09694
0.10503,0.09721,1.09694
0.10503,0.09721,1.09694
0.10503,0.09721,1.09694
0.10503,0.09721,1.09694
0.10503,0.09721,1.09694
0.10503,0.09721,1.09694
0.10503,0.09721,1.09694
0.10503,0.09721,1.09694
0.10503,0.09721,1.09694
0.10503,0.09721,1.09694
0.10503,0.09721,1.09694
0.10503,0.09721,1.09694
0.10503,0.09721,1.09694
0.10503,0.09721,1.09694
0.10503,0.09721,1.09694
0.10503,0.09721,1.09694
0.10503,0.09721,1.09694
0.10503,0.09721,1.09694
0.10503,0.09721,1.09694
0.10503,0.09721,1.09694
0.10503,0.09721,1.09694
0.10503,0.09721,1.09694
0.10503,0.09721,1.09694
0.10503,0.09721,1.09694
0.10503,0.09721,1.09694
0.10503,0.09721,1.09694
0.10503,0.09721,1.09694
0.10503,0.09721,1.09694
0.10503,0.09721,1.09694
0.10503,0.09721,1.09694
0.10503,0.09721,1.09694
0.10503,0.09721,1.09694
0.10503,0.09721,1.09694
0.10503,0.09721,1.09694
0.10503,0.09721,1.09694
0.10503,0.09721,1.09694
0.10503,0.09721,1.09694
0.10503,0.09721,1.09694
0.10503,0.09721,1.09694
0.10503,0.09721,1.09694
0.10503,0.09721,1.09694
0.10503,0.09721,1.09694
0.10503,0.09721,1.09694
0.10503,0.09721,1.09694
0.10503,0.09721,1.09694
0.10503,0.09721,1.09694
0.10503,0.09721,1.09694
0.10503,0.09721,1.09694
0.10503,0.09721,1.09694
0.10503,0.09721,1.09694
0.10503,0.09721,1.09694
0.10503,0.09721,1.09694
0.10503,0.09721,1.09694
0.10503,0.09721,1.09694
0.10503,0.09721,1.09694
0.10503,0.09721,1.09694
0.10503,0.09721,1.09694
0.10503,0.09721,1.09694
0.10503,0.09721,1.09694
0.10503,0.09721,1.09694
0.10503,0.09721,1.09694
0.10503,0.09721,1.09694
0.10503,0.09721,1.15453
0.10503,0.09721,1.15453
0.10503,0.09721,1.15453
0.10503,0.09721,1.15453
0.10503,0.09721,1.15453
0.10503,0.09721,1.15453
0.10503,0.09721,1.15453
0.10503,0.09721,1.15453
0.10503,0.09721,1.15453
0.10503,0.09721,1.15453
0.10503,0.09721,1.15453
0.10503,0.09721,1.15453
0.10503,0.09721,1.15453
0.10503,0.09721,1.15453
0.10503,0.09721,1.15453
0.10503,0.09721,1.15453
0.10503,0.09721,1.15453
0.10503,0.09721,1.15453
0.10503,0.09721,1.15453
0.10503,0.09721,1.15453
0.10503,0.09721,1.15453
0.10503,0.09721,1.15453
0.10503,0.09721,1.15453
0.10503,0.09721,1.15453
0.10503,0.09721,1.15453
0.10503,0.09721,1.15453
0.10503,0.09721,1.15453
0.10503,0.09721,1.15453
0.10503,0.09721,1.15453
0.10503,0.09721,1.15453
0.10503,0.09721,1.15453
0.10503,0.09721,1.15453
0.10503,0.09721,1.15453
0.10503,0.09721,1.15453
0.10503,0.09721,1.15453
0.10503,0.09721,1.15453
0.10503,0.09721,1.15453
0.10503,0.09721,1.15453
0.10503,0.09721,1.15453
0.10503,0.09721,1.15453
0.10503,0.09721,1.15453
0.10503,0.09721,1.15453
0.10503,0.09721,1.15453
0.10503,0.09721,1.15453
0.10503,0.09721,1.15453
0.10503,0.09721,1.15453
0.10503,0.09721,1.15453
0.10503,0.09721,1.15453
0.10503,0.09721,1.15453
0.10503,0.09721,1.15453
0.10503,0.09721,1.15453
0.10503,0.09721,1.15453
0.10503,0.09721,1.15453
0.10503,0.09721,1.15453
0.10503,0.09721,1.15453
0.10503,0.09721,1.15453
0.10503,0.09721,1.15453
0.10503,0.09721,1.15453
0.10503,0.09721,1.15453
0.10503,0.09721,1.15453
0.10503,0.09721,1.15453
0.10503,0.09721,1.15453
0.10503,0.09721,1.15453
0.10503,0.09721,1.15453
0.10503,0.09721,1.15453
0.10503,0.09721,1.15453
0.10503,0.09721,1.15453
0.10503,0.09721,1.15453
0.10503,0.09721,1.15453
0.10503,0.09721,1.15453
0.10503,0.09721,1.15453
0.10503,0.09721,1.15453
0.10503,0.09721,1.15453
0.10503,0.09721,1.15453
0.10503,0.09721,1.15453
0.10503,0.09721,1.15453
0.10503,0.09721,1.15453
0.10503,0.09721,1.15453
0.10503,0.09721,1.15453
0.10503,0.09721,1.15453
0.10503,0.09721,1.15453
0.10503,0.09721,1.15453
0.10503,0.09721,1.15453
0.10503,0.09721,1.15453
0.10503,0.09721,1.15453
0.10503,0.09721,1.15453
0.10503,0.09721,1.15453
0.10503,0.09721,1.15453
0.10503,0.09721,1.15453
0.10503,0.09721,1.15453
0.10503,0.09721,1.15453
0.10503,0.09721,1.15453
0.10503,0.09721,1.15453
0.10503,0.09721,1.15453
0.10503,0.09721,1.15453
0.10503,0.09721,1.15453
0.10503,0.09721,1.15453
0.10503,0.09721,1.15453
0.10503,0.09721,1.15453
0.10503,0.09721,1.15453
0.10503,0.09721,1.15453
0.10503,0.09721,1.15453
0.10503,0.09721,1.15453
0.10503,0.09721,1.15453
0.10503,0.09721,1.15453
0.10503,0.09721,1.15453
0.10503,0.09721,1.15453
0.10503,0.09721,1.15453
0.10503,0.09721,1.15453
0.10503,0.09721,1.15453
0.10503,0.09721,1.15453
0.10503,0.09721,1.15453
0.10503,0.09721,1.15453
0.10503,0.09721,1.15453
0.10503,0.09721,1.15453
0.10503,0.09721,1.15453
0.10503,0.09721,1.15453
0.10503,0.09721,1.15453
0.10503,0.09721,1.15453
0.10503,0.09721,1.15453
0.10503,0.09721,1.15453
0.10503,0.09721,1.15453
0.10503,0.09721,1.15453
0.10503,0.09721,1.15453
0.10503,0.09721,1.15453
0.10503,0.09721,1.15453
0.10503,0.09721,1.15453
0.10503,0.09721,1.15453
0.10503,0.09721,1.15453
0.10503,0.09721,1.15453
0.10503,0.09721,1.15453
0.10503,0.09721,1.15453
0.10503,0.09721,1.15453
0.10503,0.09721,1.15453
0.10503,0.09721,1.15453
0.10503,0.09721,1.15453
0.10503,0.09721,1.15453
0.10503,0.09721,1.15453
0.10503,0.09721,1.15453
0.10503,0.09721,1.15453
0.10503,0.09721,1.15453
0.10503,0.09721,1.15453
0.10503,0.09721,1.15453
0.10503,0.09721,1.15453
0.10503,0.09721,1.15453
0.10503,0.09721,1.15453
0.10503,0.09721,1.15453
0.10503,0.09721,1.15453
0.10503,0.09721,1.15453
0.10503,0.09721,1.15453
0.10503,0.09721,1.15453
0.10503,0.09721,1.15453
0.10503,0.09721,1.15453
0.10503,0.09721,1.15453
0.10503,0.09721,1.15453
0.10503,0.09721,1.15453
0.10503,0.09721,1.15453
0.10503,0.09721,1.15453
0.10503,0.09721,1.15453
0.10503,0.09721,1.15453
0.10503,0.09721,1.15453
0.10503,0.09721,1.15453
0.10503,0.09721,1.15453
0.10503,0.09721,1.15453
0.10503,0.09721,1.15453
0.10503,0.09721,1.15453
0.10503,0.09721,1.15453
0.10503,0.09721,1.15453
0.10503,0.09721,1.15453
0.10503,0.09721,1.15453
0.10503,0.09721,1.15453
0.10503,0.09721,1.15453
0.10503,0.09721,1.15453
0.10503,0.09721,1.15453
0.10503,0.09721,1.15453
0.10503,0.09721,1.15453
0.10503,0.09721,1.15453
0.10503,0.09721,1.15453
0.10503,0.09721,1.15453
0.10503,0.09721,1.15453
0.10503,0.09721,1.15453
0.10503,0.09721,1.15453
0.10503,0.09721,1.15453
0.10503,0.09721,1.15453
0.10503,0.09721,1.15453
0.10503,0.09721,1.15453
0.10503,0.09721,1.15453
0.10503,0.09721,1.15453
0.10503,0.09721,1.15453
0.10503,0.09721,1.15453
0.10503,0.09721,1.15453
0.10503,0.09721,1.15453
0.10503,0.09721,1.15453
0.10503,0.09721,1.15453
0.10503,0.09721,1.15453
0.10503,0.09721,1.15453
0.10503,0.09721,1.15453
0.10503,0.09721,1.15453
0.10503,0.09721,1.15453
0.10503,0.09721,1.15453
0.10503,0.09721,1.15453
0.10503,0.09721,1.15453
0.10503,0.09721,1.15453
0.10503,0.09721,1.15453
0.10503,0.09721,1.15453
0.10503,0.09721,1.15453
0.10503,0.09721,1.15453
0.10503,0.09721,1.15453
0.10503,0.09721,1.15453
0.10503,0.09721,1.15453
0.10503,0.09721,1.15453
0.10503,0.09721,1.15453
0.10503,0.09721,1.15453
0.10503,0.09721,1.15453
0.10503,0.09721,1.15453
0.10503,0.09721,1.15453
0.10503,0.09721,1.15453
0.10503,0.09721,1.15453
0.10503,0.09721,1.15453
0.10503,0.09721,1.15453
0.10503,0.09721,1.15453
0.10503,0.09721,1.15453
0.10503,0.09721,1.15453
0.10503,0.09721,1.15453
0.10503,0.09721,1.15453
0.10503,0.09721,1.15453
0.10503,0.09721,1.15453
0.10503,0.09721,1.15453
0.10503,0.09721,1.15453
0.10503,0.09721,1.15453
0.10503,0.09721,1.15453
0.10503,0.09721,1.15453
0.10503,0.09721,1.15453
0.10503,0.09721,1.15453
0.10503,0.09721,1.15453
0.10503,0.09721,1.15453
0.10503,0.09721,1.15453
0.10503,0.09721,1.15453
0.10503,0.09721,1.15453
0.10503,0.09721,1.15453
0.10503,0.09721,1.15453
0.10503,0.09721,1.15453
0.10503,0.09721,1.15453
0.10503,0.09721,1.15453
0.10503,0.09721,1.15453
0.10503,0.09721,1.15453
0.10503,0.09721,1.15453
0.10503,0.09721,1.15453
0.10503,0.09721,1.15453
0.10503,0.09721,1.15453
0.10503,0.09721,1.15453
0.10503,0.09721,1.15453
0.10503,0.09721,1.15453
0.10503,0.09721,1.15453
0.10503,0.09721,1.15453
0.10503,0.09721,1.15453
0.10503,0.09721,1.15453
0.10503,0.09721,1.15453
0.10503,0.09721,1.15453
0.10503,0.09721,1.15453
0.10503,0.09721,1.15453
0.10503,0.09721,1.15453
0.10503,0.09721,1.15453
0.10503,0.09721,1.15453
0.10503,0.09721,1.15453
0.10503,0.09721,1.15453
0.10503,0.09721,1.15453
0.10503,0.09721,1.15453
0.10503,0.09721,1.15453
0.10503,0.09721,1.15453
0.10503,0.09721,1.15453
0.10503,0.09721,1.15453
0.10503,0.09721,1.15453
0.10503,0.09721,1.15453
0.10503,0.09721,1.15453
0.10503,0.09721,1.15453
0.10503,0.09721,1.15453
0.10503,0.09721,1.15453
0.10503,0.09721,1.15453
0.10503,0.09721,1.15453
0.10503,0.09721,1.15453
0.10503,0.09721,1.15453
0.10503,0.09721,1.15453
0.10503,0.09721,1.15453
0.10503,0.09721,1.15453
0.10503,0.09721,1.15453
0.10503,0.09721,1.15453
0.10503,0.09721,1.15453
0.10503,0.09721,1.15453
0.10503,0.09721,1.15453
0.10503,0.09721,1.15453
0.10503,0.09721,1.15453
0.10503,0.09721,1.15453
0.10503,0.09721,1.15453
0.10503,0.09721,1.15453
0.10503,0.09721,1.15453
0.10503,0.09721,1.15453
0.10503,0.09721,1.15453
0.10503,0.09721,1.15453
0.10503,0.09721,1.15453
0.10503,0.09721,1.15453
0.10503,0.09721,1.15453
0.10503,0.09721,1.15453
0.10503,0.09721,1.15453
0.10503,0.09721,1.15453
0.10503,0.09721,1.15453
0.10503,0.09721,1.15453
0.10503,0.09721,1.15453
0.10503,0.09721,1.15453
0.10503,0.09721,1.15453
0.10503,0.09721,1.15453
0.10503,0.09721,1.15453
0.10503,0.09721,1.15453
0.10503,0.09721,1.15453
0.10503,0.09721,1.15453
0.10503,0.09721,1.15453
0.10503,0.09721,1.15453
0.10503,0.09721,1.15453
0.10503,0.09721,1.15453
0.10503,0.09721,1.15453
0.10503,0.09721,1.15453
0.10503,0.09721,1.15453
0.10503,0.09721,1.15453
0.10503,0.09721,1.15453
0.10503,0.09721,1.15453
0.10503,0.09721,1.15453
0.10503,0.09721,1.15453
0.10503,0.09721,1.15453
0.10503,0.09721,1.15453
0.10503,0.09721,1.15453
0.10503,0.09721,1.15453
0.10503,0.09721,1.15453
0.10503,0.09721,1.15453
0.10503,0.09721,1.15453
0.10503,0.09721,1.15453
0.10503,0.09721,1.15453
0.10503,0.09721,1.15453
0.10503,0.09721,1.15453
0.10503,0.09721,1.15453
0.10503,0.09721,1.15453
0.10503,0.09721,1.15453
0.10503,0.09721,1.15453
0.10503,0.09721,1.15453
0.10503,0.09721,1.15453
0.10503,0.09721,1.15453
0.10503,0.09721,1.15453
0.10503,0.09721,1.15453
0.10503,0.09721,1.15453
0.10503,0.09721,1.15453
0.10503,0.09721,1.15453
0.10503,0.09721,1.15453
0.10503,0.09721,1.15453
0.10503,0.09721,1.15453
0.10503,0.09721,1.15453
0.10503,0.09721,1.15453
0.10503,0.09721,1.15453
0.10503,0.09721,1.15453
0.10503,0.09721,1.15453
0.10503,0.09721,1.15453
0.10503,0.09721,1.15453
0.10503,0.09721,1.15453
0.10503,0.09721,1.15453
0.10503,0.09721,1.15453
0.10503,0.09721,1.15453
0.10503,0.09721,1.15453
0.10503,0.09721,1.15453
0.10503,0.09721,1.15453
0.10503,0.09721,1.15453
0.10503,0.09721,1.15453
0.10503,0.09721,1.15453
0.10503,0.09721,1.15453
0.10503,0.09721,1.15453
0.10503,0.09721,1.15453
0.10503,0.09721,1.15453
0.10503,0.09721,1.15453
0.10503,0.09721,1.15453
0.10503,0.09721,1.15453
0.10503,0.09721,1.15453
0.10503,0.09721,1.15453
0.10503,0.09721,1.15453
0.10503,0.09721,1.15453
0.10503,0.09721,1.15453
0.10503,0.09721,1.15453
0.10503,0.09721,1.15453
0.10503,0.09721,1.15453
0.10503,0.09721,1.15453
0.10503,0.09721,1.15453
0.10503,0.09721,1.15453
0.10503,0.09721,1.15453
0.10503,0.09721,1.15453
0.10503,0.09721,1.15453
0.10503,0.09721,1.15453
0.10503,0.09721,1.15453
0.10503,0.09721,1.15453
0.10503,0.09721,1.15453
0.10503,0.09721,1.15453
0.10503,0.09721,1.15453
0.10503,0.09721,1.15453
0.10503,0.09721,1.15453
0.10503,0.09721,1.15453
0.10503,0.09721,1.15453
0.10503,0.09721,1.15453
0.10503,0.09721,1.15453
0.10503,0.09721,1.15453
0.10503,0.09721,1.15453
0.10503,0.09721,1.15453
0.10503,0.09721,1.15453
0.10503,0.09721,1.15453
0.10503,0.09721,1.15453
0.10503,0.09721,1.15453
0.10503,0.09721,1.15453
0.10503,0.09721,1.15453
0.10503,0.09721,1.15453
0.10503,0.09721,1.15453
0.10503,0.09721,1.15453
0.10503,0.09721,1.15453
0.10503,0.09721,1.15453
0.10503,0.09721,1.15453
0.10503,0.09721,1.15453
0.10503,0.09721,1.15453
0.10503,0.09721,1.15453
0.10503,0.09721,1.15453
0.10503,0.09721,1.15453
0.10503,0.09721,1.15453
0.10503,0.09721,1.15453
0.10503,0.09721,1.15453
0.10503,0.09721,1.15453
0.10503,0.09721,1.15453
0.10503,0.09721,1.15453
0.10503,0.09721,1.15453
0.10503,0.09721,1.15453
0.10503,0.09721,1.15453
0.10503,0.09721,1.15453
0.10503,0.09721,1.15453
0.10503,0.09721,1.15453
0.10503,0.09721,1.15453
0.10503,0.09721,1.15453
0.10503,0.09721,1.15453
0.10503,0.09721,1.15453
0.10503,0.09721,1.15453
0.10503,0.09721,1.15453
0.10503,0.09721,1.15453
0.10503,0.09721,1.15453
0.10503,0.09721,1.15453
0.10503,0.09721,1.15453
0.10503,0.09721,1.15453
0.10503,0.09721,1.15453
0.10503,0.09721,1.15453
0.10503,0.09721,1.15453
0.10503,0.09721,1.15453
0.10503,0.09721,1.15453
0.10503,0.09721,1.15453
0.10503,0.09721,1.15453
0.10503,0.09721,1.15453
0.10503,0.09721,1.15453
0.10503,0.09721,1.15453
0.10503,0.09721,1.15453
0.10503,0.09721,1.15453
0.10503,0.09721,1.15453
0.10503,0.09721,1.15453
0.10503,0.09721,1.15453
0.10503,0.09721,1.15453
0.10503,0.09721,1.15453
0.10503,0.09721,1.15453
0.10503,0.09721,1.15453
0.10503,0.09721,1.15453
0.10503,0.09721,1.15453
0.10503,0.09721,1.15453
0.10503,0.09721,1.15453
0.10503,0.09721,1.15453
0.10503,0.09721,1.15453
0.10503,0.09721,1.15453
0.10503,0.09721,1.15453
0.10503,0.09721,1.15453
0.10503,0.09721,1.15453
0.10503,0.09721,1.15453
0.10503,0.09721,1.15453
0.10503,0.09721,1.15453
0.10503,0.09721,1.15453
0.10503,0.09721,1.15453
0.10503,0.09721,1.15453
0.10503,0.09721,1.15453
0.10503,0.09721,1.15453
0.10503,0.09721,1.15453
0.10503,0.09721,1.15453
0.10503,0.09721,1.15453
0.10503,0.09721,1.15453
0.10503,0.09721,1.15453
0.10503,0.09721,1.15453
0.10503,0.09721,1.15453
0.10503,0.09721,1.15453
0.10503,0.09721,1.15453
0.10503,0.09721,1.15453
0.10503,0.09721,1.15453
0.10503,0.09721,1.15453
0.10503,0.09721,1.15453
0.10503,0.09721,1.15453
0.10503,0.09721,1.15453
0.10503,0.09721,1.15453
0.10503,0.09721,1.15453
0.10503,0.09721,1.15453
0.10503,0.09721,1.15453
0.10503,0.09721,1.15453
0.10503,0.09721,1.15453
0.10503,0.09721,1.15453
0.10503,0.09721,1.15453
0.10503,0.09721,1.15453
0.10503,0.09721,1.15453
0.10503,0.09721,1.15453
0.10503,0.09721,1.15453
0.10503,0.09721,1.15453
0.10503,0.09721,1.15453
0.10503,0.09721,1.15453
0.10503,0.09721,1.15453
0.10503,0.09721,1.15453
0.10503,0.09721,1.15453
0.10503,0.09721,1.15453
0.10503,0.09721,1.15453
0.10503,0.09721,1.15453
0.10503,0.09721,1.15453
0.10503,0.09721,1.15453
0.10503,0.09721,1.15453
0.10503,0.09721,1.15453
0.10503,0.09721,1.15453
0.10503,0.09721,1.15453
0.10503,0.09721,1.15453
0.10503,0.09721,1.15453
0.10503,0.09721,1.15453
0.10503,0.09721,1.15453
0.10503,0.09721,1.15453
0.10503,0.09721,1.15453
0.10503,0.09721,1.15453
0.10503,0.09721,1.15453
0.10503,0.09721,1.15453
0.10503,0.09721,1.15453
0.10503,0.09721,1.15453
0.10503,0.09721,1.15453
0.10503,0.09721,1.15453
0.10503,0.09721,1.15453
0.10503,0.09721,1.15453
0.10503,0.09721,1.15453
0.10503,0.09721,1.15453
0.10503,0.09721,1.15453
0.10503,0.09721,1.15453
0.10503,0.09721,1.15453
0.10503,0.09721,1.15453
0.10503,0.09721,1.15453
0.10503,0.09721,1.15453
0.10503,0.09721,1.15453
0.10503,0.09721,1.15453
0.10503,0.09721,1.15453
0.10503,0.09721,1.15453
0.10503,0.09721,1.15453
0.10503,0.09721,1.15453
0.10503,0.09721,1.15453
0.10503,0.09721,1.15453
0.10503,0.09721,1.15453
0.10503,0.09721,1.15453
0.10503,0.09721,1.15453
0.10503,0.09721,1.15453
0.10503,0.09721,1.15453
0.10503,0.09721,1.15453
0.10503,0.09721,1.15453
0.10503,0.09721,1.15453
0.10503,0.09721,1.15453
0.10503,0.09721,1.15453
0.10503,0.09721,1.15453
0.10503,0.09721,1.15453
0.10503,0.09721,1.15453
0.10503,0.09721,1.15453
0.10503,0.09721,1.15453
0.10503,0.09721,1.15453
0.10503,0.09721,1.15453
0.10503,0.09721,1.15453
0.10503,0.09721,1.15453
0.10503,0.09721,1.15453
0.10503,0.09721,1.15453
0.10503,0.09721,1.15453
0.10503,0.09721,1.15453
0.10503,0.09721,1.15453
0.10503,0.09721,1.15453
0.10503,0.09721,1.15453
0.10503,0.09721,1.15453
0.10503,0.09721,1.15453
0.10503,0.09721,1.15453
0.10503,0.09721,1.15453
0.10503,0.09721,1.15453
0.10503,0.09721,1.15453
0.10503,0.09721,1.15453
0.10503,0.09721,1.15453
0.10503,0.09721,1.15453
0.10503,0.09721,1.15453
0.10503,0.09721,1.15453
0.10503,0.09721,1.15453
0.10503,0.09721,1.15453
0.10503,0.09721,1.15453
0.10503,0.09721,1.15453
0.10503,0.09721,1.15453
0.10503,0.09721,1.15453
0.10503,0.09721,1.15453
0.10503,0.09721,1.15453
0.10503,0.09721,1.15453
0.10503,0.09721,1.15453
0.10503,0.09721,1.15453
0.10503,0.09721,1.15453
0.10503,0.09721,1.15453
0.10503,0.09721,1.15453
0.10503,0.09721,1.15453
0.10503,0.09721,1.15453
0.10503,0.09721,1.15453
0.10503,0.09721,1.15453
0.10503,0.09721,1.15453
0.10503,0.09721,1.15453
0.10503,0.09721,1.15453
0.10503,0.09721,1.15453
0.10503,0.09721,1.15453
0.10503,0.09721,1.15453
0.10503,0.09721,1.15453
0.10503,0.09721,1.15453
0.10503,0.09721,1.15453
0.10503,0.09721,1.15453
0.10503,0.09721,1.15453
0.10503,0.09721,1.15453
0.10503,0.09721,1.15453
0.10503,0.09721,1.15453
0.10503,0.09721,1.15453
0.10503,0.09721,1.15453
0.10503,0.09721,1.15453
0.10503,0.09721,1.15453
0.10503,0.09721,1.15453
0.10503,0.09721,1.15453
0.10503,0.09721,1.15453
0.10503,0.09721,1.15453
0.10503,0.09721,1.15453
0.10503,0.09721,1.15453
0.10503,0.09721,1.15453
0.10503,0.09721,1.15453
0.10503,0.09721,1.15453
0.10503,0.09721,1.15453
0.10503,0.09721,1.15453
0.10503,0.09721,1.15453
0.10503,0.09721,1.15453
0.10503,0.09721,1.15453
0.10503,0.09721,1.15453
0.10503,0.09721,1.15453
0.10503,0.09721,1.15453
0.10503,0.09721,1.15453
0.10503,0.09721,1.15453
0.10503,0.09721,1.15453
0.10503,0.09721,1.15453
0.10503,0.09721,1.15453
0.10357,0.11716,1.22235
0.10357,0.11716,1.22235
0.10357,0.11716,1.22235
0.10357,0.11716,1.22235
0.10357,0.11716,1.22235
0.10357,0.11716,1.22235
0.10357,0.11716,1.22235
0.10357,0.11716,1.22235
0.10357,0.11716,1.22235
0.10357,0.11716,1.22235
0.10357,0.11716,1.22235
0.10357,0.11716,1.22235
0.10357,0.11716,1.22235
0.10357,0.11716,1.22235
0.10357,0.11716,1.22235
0.10357,0.11716,1.22235
0.10357,0.11716,1.22235
0.10357,0.11716,1.22235
0.10357,0.11716,1.22235
0.10357,0.11716,1.22235
0.10357,0.11716,1.22235
0.10357,0.11716,1.22235
0.10357,0.11716,1.22235
0.10357,0.11716,1.22235
0.10357,0.11716,1.22235
0.10357,0.11716,1.22235
0.10357,0.11716,1.22235
0.10357,0.11716,1.22235
0.10357,0.11716,1.22235
0.10357,0.11716,1.22235
0.10357,0.11716,1.22235
0.10357,0.11716,1.22235
0.10357,0.11716,1.22235
0.10357,0.11716,1.22235
0.10357,0.11716,1.22235
0.10357,0.11716,1.22235
0.10357,0.11716,1.22235
0.10357,0.11716,1.22235
0.10357,0.11716,1.22235
0.10357,0.11716,1.22235
0.10357,0.11716,1.22235
0.10357,0.11716,1.22235
0.10357,0.11716,1.22235
0.10357,0.11716,1.22235
0.10357,0.11716,1.22235
0.10357,0.11716,1.22235
0.10357,0.11716,1.22235
0.10357,0.11716,1.22235
0.10357,0.11716,1.22235
0.10357,0.11716,1.22235
0.10357,0.11716,1.22235
0.10357,0.11716,1.22235
0.10357,0.11716,1.22235
0.10357,0.11716,1.22235
0.10357,0.11716,1.22235
0.10357,0.11716,1.22235
0.10357,0.11716,1.22235
0.10357,0.11716,1.22235
0.10357,0.11716,1.22235
0.10357,0.11716,1.22235
0.10357,0.11716,1.22235
0.10357,0.11716,1.22235
0.10357,0.11716,1.22235
0.10357,0.11716,1.22235
0.10357,0.11716,1.22235
0.10357,0.11716,1.22235
0.10357,0.11716,1.22235
0.10357,0.11716,1.22235
0.10357,0.11716,1.22235
0.10357,0.11716,1.22235
0.10357,0.11716,1.22235
0.10357,0.11716,1.22235
0.10357,0.11716,1.22235
0.10357,0.11716,1.22235
0.10357,0.11716,1.22235
0.10357,0.11716,1.22235
0.10357,0.11716,1.22235
0.10357,0.11716,1.22235
0.10357,0.11716,1.22235
0.10357,0.11716,1.22235
0.10357,0.11716,1.22235
0.10357,0.11716,1.22235
0.10357,0.11716,1.22235
0.10357,0.11716,1.22235
0.10357,0.11716,1.22235
0.10357,0.11716,1.22235
0.10357,0.11716,1.22235
0.10357,0.11716,1.22235
0.10357,0.11716,1.22235
0.10357,0.11716,1.22235
0.10357,0.11716,1.22235
0.10357,0.11716,1.22235
0.10357,0.11716,1.22235
0.10357,0.11716,1.22235
0.10357,0.11716,1.22235
0.10357,0.11716,1.22235
0.10357,0.11716,1.22235
0.10357,0.11716,1.22235
0.10357,0.11716,1.22235
0.10357,0.11716,1.22235
0.10357,0.11716,1.22235
0.10357,0.11716,1.22235
0.10357,0.11716,1.22235
0.10357,0.11716,1.22235
0.10357,0.11716,1.22235
0.10357,0.11716,1.22235
0.10357,0.11716,1.22235
0.10357,0.11716,1.22235
0.10357,0.11716,1.22235
0.10357,0.11716,1.22235
0.10357,0.11716,1.22235
0.10357,0.11716,1.22235
0.10357,0.11716,1.22235
0.10357,0.11716,1.22235
0.10357,0.11716,1.22235
0.10357,0.11716,1.22235
0.10357,0.11716,1.22235
0.10357,0.11716,1.22235
0.10357,0.11716,1.22235
0.10357,0.11716,1.22235
0.10357,0.11716,1.22235
0.10357,0.11716,1.22235
0.10357,0.11716,1.22235
0.10357,0.11716,1.22235
0.10357,0.11716,1.22235
0.10357,0.11716,1.22235
0.10357,0.11716,1.22235
0.10357,0.11716,1.22235
0.10357,0.11716,1.22235
0.10357,0.11716,1.22235
0.10357,0.11716,1.22235
0.10357,0.11716,1.22235
0.10357,0.11716,1.22235
0.10357,0.11716,1.22235
0.10357,0.11716,1.22235
0.10357,0.11716,1.22235
0.10357,0.11716,1.22235
0.10357,0.11716,1.22235
0.10357,0.11716,1.22235
0.10357,0.11716,1.22235
0.10357,0.11716,1.22235
0.10357,0.11716,1.22235
0.10357,0.11716,1.22235
0.10357,0.11716,1.22235
0.10357,0.11716,1.22235
0.10357,0.11716,1.22235
0.10357,0.11716,1.22235
0.10357,0.11716,1.22235
0.10357,0.11716,1.22235
0.10357,0.11716,1.22235
0.10357,0.11716,1.22235
0.10357,0.11716,1.22235
0.10357,0.11716,1.22235
0.10357,0.11716,1.22235
0.10357,0.11716,1.22235
0.10357,0.11716,1.22235
0.10357,0.11716,1.22235
0.10357,0.11716,1.22235
0.10357,0.11716,1.22235
0.10357,0.11716,1.22235
0.10357,0.11716,1.22235
0.10357,0.11716,1.22235
0.10357,0.11716,1.22235
0.10357,0.11716,1.22235
0.10357,0.11716,1.22235
0.10357,0.11716,1.22235
0.10357,0.11716,1.22235
0.10357,0.11716,1.22235
0.10357,0.11716,1.22235
0.10357,0.11716,1.22235
0.10357,0.11716,1.22235
0.10357,0.11716,1.22235
0.10357,0.11716,1.22235
0.10357,0.11716,1.22235
0.10357,0.11716,1.22235
0.10357,0.11716,1.22235
0.10357,0.11716,1.22235
0.10357,0.11716,1.22235
0.10357,0.11716,1.22235
0.10357,0.11716,1.22235
0.10357,0.11716,1.22235
0.10357,0.11716,1.22235
0.10357,0.11716,1.22235
0.10357,0.11716,1.22235
0.10357,0.11716,1.22235
0.10357,0.11716,1.22235
0.10357,0.11716,1.22235
0.10357,0.11716,1.22235
0.10357,0.11716,1.22235
0.10357,0.11716,1.22235
0.10357,0.11716,1.22235
0.10357,0.11716,1.22235
0.10357,0.11716,1.22235
0.10357,0.11716,1.22235
0.10357,0.11716,1.22235
0.10357,0.11716,1.22235
0.10357,0.11716,1.22235
0.10357,0.11716,1.22235
0.10357,0.11716,1.22235
0.10357,0.11716,1.22235
0.10357,0.11716,1.22235
0.10357,0.11716,1.22235
0.10357,0.11716,1.22235
0.10357,0.11716,1.22235
0.10357,0.11716,1.22235
0.10357,0.11716,1.22235
0.10357,0.11716,1.22235
0.10357,0.11716,1.22235
0.10357,0.11716,1.22235
0.10357,0.11716,1.22235
0.10357,0.11716,1.22235
0.10357,0.11716,1.22235
0.10357,0.11716,1.22235
0.10357,0.11716,1.22235
0.10357,0.11716,1.22235
0.10357,0.11716,1.22235
0.10357,0.11716,1.22235
0.10357,0.11716,1.22235
0.10357,0.11716,1.22235
0.10357,0.11716,1.22235
0.10357,0.11716,1.22235
0.10357,0.11716,1.22235
0.10357,0.11716,1.22235
0.10357,0.11716,1.22235
0.10357,0.11716,1.22235
0.10357,0.11716,1.22235
0.10357,0.11716,1.22235
0.10357,0.11716,1.22235
0.10357,0.11716,1.22235
0.10357,0.11716,1.22235
0.10357,0.11716,1.22235
0.10357,0.11716,1.22235
0.10357,0.11716,1.22235
0.10357,0.11716,1.22235
0.10357,0.11716,1.22235
0.10357,0.11716,1.22235
0.10357,0.11716,1.22235
0.10357,0.11716,1.22235
0.10357,0.11716,1.22235
0.10357,0.11716,1.22235
0.10357,0.11716,1.22235
0.10357,0.11716,1.22235
0.10357,0.11716,1.22235
0.10357,0.11716,1.22235
0.10357,0.11716,1.22235
0.10357,0.11716,1.22235
0.10357,0.11716,1.22235
0.10357,0.11716,1.22235
0.10357,0.11716,1.22235
0.10357,0.11716,1.22235
0.10357,0.11716,1.22235
0.10357,0.11716,1.22235
0.10357,0.11716,1.22235
0.10357,0.11716,1.22235
0.10357,0.11716,1.22235
0.10357,0.11716,1.22235
0.10357,0.11716,1.22235
0.10357,0.11716,1.22235
0.10357,0.11716,1.22235
0.10357,0.11716,1.22235
0.10357,0.11716,1.22235
0.10357,0.11716,1.22235
0.10357,0.11716,1.22235
0.10357,0.11716,1.22235
0.10357,0.11716,1.22235
0.10357,0.11716,1.22235
0.10357,0.11716,1.22235
0.10357,0.11716,1.22235
0.10357,0.11716,1.22235
0.10357,0.11716,1.22235
0.10357,0.11716,1.22235
0.10357,0.11716,1.22235
0.10357,0.11716,1.22235
0.10357,0.11716,1.22235
0.10357,0.11716,1.22235
0.10357,0.11716,1.22235
0.10357,0.11716,1.22235
0.10357,0.11716,1.22235
0.10357,0.11716,1.22235
0.10357,0.11716,1.22235
0.10357,0.11716,1.22235
0.10357,0.11716,1.22235
0.10357,0.11716,1.22235
0.10357,0.11716,1.22235
0.10357,0.11716,1.22235
0.10357,0.11716,1.22235
0.10357,0.11716,1.22235
0.10357,0.11716,1.22235
0.10357,0.11716,1.22235
0.10357,0.11716,1.22235
0.10357,0.11716,1.22235
0.10357,0.11716,1.22235
0.10357,0.11716,1.22235
0.10357,0.11716,1.22235
0.10357,0.11716,1.22235
0.10357,0.11716,1.22235
0.10357,0.11716,1.22235
0.10357,0.11716,1.22235
0.10357,0.11716,1.22235
0.10357,0.11716,1.22235
0.10357,0.11716,1.22235
0.10357,0.11716,1.22235
0.10357,0.11716,1.22235
0.10357,0.11716,1.22235
0.10357,0.11716,1.22235
0.10357,0.11716,1.22235
0.10357,0.11716,1.22235
0.10357,0.11716,1.22235
0.10357,0.11716,1.22235
0.10357,0.11716,1.22235
0.10357,0.11716,1.22235
0.10357,0.11716,1.22235
0.10357,0.11716,1.22235
0.10357,0.11716,1.22235
0.10357,0.11716,1.22235
0.10357,0.11716,1.22235
0.10357,0.11716,1.22235
0.10357,0.11716,1.22235
0.10357,0.11716,1.22235
0.10357,0.11716,1.22235
0.10357,0.11716,1.22235
0.10357,0.11716,1.22235
0.08508,0.09576,1.27684
0.08508,0.09576,1.27684
0.08508,0.09576,1.27684
0.08508,0.09576,1.27684
0.08508,0.09576,1.27684
0.08508,0.09576,1.27684
0.08508,0.09576,1.27684
0.08508,0.09576,1.27684
0.08508,0.09576,1.27684
0.08508,0.09576,1.27684
0.08508,0.09576,1.27684
0.08508,0.09576,1.27684
0.08508,0.09576,1.27684
0.08508,0.09576,1.27684
0.08508,0.09576,1.27684
0.08508,0.09576,1.27684
0.08508,0.09576,1.27684
0.08508,0.09576,1.27684
0.08508,0.09576,1.27684
0.08508,0.09576,1.27684
0.08508,0.09576,1.27684
0.08508,0.09576,1.27684
0.08508,0.09576,1.27684
0.08508,0.09576,1.27684
0.08508,0.09576,1.27684
0.08508,0.09576,1.27684
0.08508,0.09576,1.27684
0.08508,0.09576,1.27684
0.08508,0.09576,1.27684
0.08508,0.09576,1.27684
0.08508,0.09576,1.27684
0.08508,0.09576,1.27684
0.08508,0.09576,1.27684
0.08508,0.09576,1.27684
0.08508,0.09576,1.27684
0.08508,0.09576,1.27684
0.08508,0.09576,1.27684
0.08508,0.09576,1.27684
0.08508,0.09576,1.27684
0.08508,0.09576,1.27684
0.08508,0.09576,1.27684
0.08508,0.09576,1.27684
0.08508,0.09576,1.27684
0.08508,0.09576,1.27684
0.08508,0.09576,1.27684
0.08508,0.09576,1.27684
0.08508,0.09576,1.27684
0.08508,0.09576,1.27684
0.08508,0.09576,1.27684
0.08508,0.09576,1.27684
0.08508,0.09576,1.27684
0.08508,0.09576,1.27684
0.08508,0.09576,1.27684
0.08508,0.09576,1.27684
0.08508,0.09576,1.27684
0.08508,0.09576,1.27684
0.08508,0.09576,1.27684
0.08508,0.09576,1.27684
0.08508,0.09576,1.27684
0.08508,0.09576,1.27684
0.08508,0.09576,1.27684
0.08508,0.09576,1.27684
0.08508,0.09576,1.27684
0.08508,0.09576,1.27684
0.08508,0.09576,1.27684
0.08508,0.09576,1.27684
0.08508,0.09576,1.27684
0.08508,0.09576,1.27684
0.08508,0.09576,1.27684
0.08508,0.09576,1.27684
0.08508,0.09576,1.27684
0.08508,0.09576,1.27684
0.08508,0.09576,1.27684
0.08508,0.09576,1.27684
0.08508,0.09576,1.27684
0.08508,0.09576,1.27684
0.08508,0.09576,1.27684
0.08508,0.09576,1.27684
0.08508,0.09576,1.27684
0.08508,0.09576,1.27684
0.08508,0.09576,1.27684
0.08508,0.09576,1.27684
0.08508,0.09576,1.27684
0.08508,0.09576,1.27684
0.08508,0.09576,1.27684
0.08508,0.09576,1.27684
0.08508,0.09576,1.27684
0.08508,0.09576,1.27684
0.08508,0.09576,1.27684
0.08508,0.09576,1.27684
0.08508,0.09576,1.27684
0.08508,0.09576,1.27684
0.08508,0.09576,1.27684
0.08508,0.09576,1.27684
0.08508,0.09576,1.27684
0.08508,0.09576,1.27684
0.08508,0.09576,1.27684
0.08508,0.09576,1.27684
0.08508,0.09576,1.27684
0.08508,0.09576,1.27684
0.08508,0.09576,1.27684
0.08508,0.09576,1.27684
0.08508,0.09576,1.27684
0.08508,0.09576,1.27684
0.08508,0.09576,1.27684
0.08508,0.09576,1.27684
0.08508,0.09576,1.27684
0.08508,0.09576,1.27684
0.08508,0.09576,1.27684
0.08508,0.09576,1.27684
0.08508,0.09576,1.27684
0.08508,0.09576,1.27684
0.08508,0.09576,1.27684
0.08508,0.09576,1.27684
0.08508,0.09576,1.27684
0.08508,0.09576,1.27684
0.08508,0.09576,1.27684
0.08508,0.09576,1.27684
0.08508,0.09576,1.27684
0.08508,0.09576,1.27684
0.08508,0.09576,1.27684
0.08508,0.09576,1.27684
0.08508,0.09576,1.27684
0.08508,0.09576,1.27684
0.08508,0.09576,1.27684
0.08508,0.09576,1.27684
0.08508,0.09576,1.27684
0.08508,0.09576,1.27684
0.08508,0.09576,1.27684
0.08508,0.09576,1.27684
0.08508,0.09576,1.27684
0.08508,0.09576,1.27684
0.08508,0.09576,1.27684
0.08508,0.09576,1.27684
0.08508,0.09576,1.27684
0.08508,0.09576,1.27684
0.08508,0.09576,1.27684
0.08508,0.09576,1.27684
0.08508,0.09576,1.27684
0.08508,0.09576,1.27684
0.08508,0.09576,1.27684
0.08508,0.09576,1.27684
0.08508,0.09576,1.27684
0.08508,0.09576,1.27684
0.08508,0.09576,1.27684
0.08508,0.09576,1.27684
0.08508,0.09576,1.27684
0.08508,0.09576,1.27684
0.08508,0.09576,1.27684
0.08508,0.09576,1.27684
0.08508,0.09576,1.27684
0.08508,0.09576,1.27684
0.08508,0.09576,1.27684
0.08508,0.09576,1.27684
0.08508,0.09576,1.27684
0.08508,0.09576,1.27684
0.08508,0.09576,1.27684
0.08508,0.09576,1.27684
0.08508,0.09576,1.27684
0.08508,0.09576,1.27684
0.08508,0.09576,1.27684
0.08508,0.09576,1.27684
0.08508,0.09576,1.27684
0.08508,0.09576,1.27684
0.08508,0.09576,1.27684
0.08508,0.09576,1.27684
0.08508,0.09576,1.27684
0.08508,0.09576,1.27684
0.08508,0.09576,1.27684
0.08508,0.09576,1.27684
0.08508,0.09576,1.27684
0.08508,0.09576,1.27684
0.08508,0.09576,1.27684
0.08508,0.09576,1.27684
0.08508,0.09576,1.27684
0.08508,0.09576,1.27684
0.08508,0.09576,1.27684
0.08508,0.09576,1.27684
0.08508,0.09576,1.27684
0.08508,0.09576,1.27684
0.08508,0.09576,1.27684
0.08508,0.09576,1.27684
0.08508,0.09576,1.27684
0.08508,0.09576,1.27684
0.08508,0.09576,1.27684
0.08508,0.09576,1.27684
0.08508,0.09576,1.27684
0.08508,0.09576,1.27684
0.08508,0.09576,1.27684
0.08508,0.09576,1.27684
0.08508,0.09576,1.27684
0.08508,0.09576,1.27684
0.08508,0.09576,1.27684
0.08508,0.09576,1.27684
0.08508,0.09576,1.27684
0.08508,0.09576,1.27684
0.08508,0.09576,1.27684
0.08508,0.09576,1.27684
0.08508,0.09576,1.27684
0.08508,0.09576,1.27684
0.08508,0.09576,1.27684
0.08508,0.09576,1.27684
0.08508,0.09576,1.27684
0.08508,0.09576,1.27684
0.08508,0.09576,1.27684
0.08508,0.09576,1.27684
0.08508,0.09576,1.27684
0.08508,0.09576,1.27684
0.08508,0.09576,1.27684
0.08508,0.09576,1.27684
0.08508,0.09576,1.27684
0.08508,0.09576,1.27684
0.08508,0.09576,1.27684
0.08508,0.09576,1.27684
0.08508,0.09576,1.27684
0.08508,0.09576,1.27684
0.08508,0.09576,1.27684
0.08508,0.09576,1.27684
0.08508,0.09576,1.27684
0.08508,0.09576,1.27684
0.08508,0.09576,1.27684
0.08508,0.09576,1.27684
0.08508,0.09576,1.27684
0.08508,0.09576,1.27684
0.08508,0.09576,1.27684
0.08508,0.09576,1.27684
0.08508,0.09576,1.27684
0.08508,0.09576,1.27684
0.08508,0.09576,1.27684
0.08508,0.09576,1.27684
0.08508,0.09576,1.27684
0.08508,0.09576,1.27684
0.08508,0.09576,1.27684
0.08508,0.09576,1.27684
0.08508,0.09576,1.27684
0.08508,0.09576,1.27684
0.08508,0.09576,1.27684
0.08508,0.09576,1.27684
0.08508,0.09576,1.27684
0.08508,0.09576,1.27684
0.08508,0.09576,1.27684
0.08508,0.09576,1.27684
0.08508,0.09576,1.27684
0.08508,0.09576,1.27684
0.08508,0.09576,1.27684
0.08508,0.09576,1.27684
0.08508,0.09576,1.27684
0.08508,0.09576,1.27684
0.08508,0.09576,1.27684
0.08508,0.09576,1.27684
0.08508,0.09576,1.27684
0.08508,0.09576,1.27684
0.08508,0.09576,1.27684
0.08508,0.09576,1.27684
0.08508,0.09576,1.27684
0.08508,0.09576,1.27684
0.08508,0.09576,1.27684
0.08508,0.09576,1.27684
0.08508,0.09576,1.27684
0.08508,0.09576,1.27684
0.08508,0.09576,1.27684
0.08508,0.09576,1.27684
0.08508,0.09576,1.27684
0.08508,0.09576,1.27684
0.08508,0.09576,1.27684
0.08508,0.09576,1.27684
0.08508,0.09576,1.27684
0.08508,0.09576,1.27684
0.08508,0.09576,1.27684
0.08508,0.09576,1.27684
0.08508,0.09576,1.27684
0.08508,0.09576,1.27684
0.08508,0.09576,1.27684
0.08508,0.09576,1.27684
0.08508,0.09576,1.27684
0.08508,0.09576,1.27684
0.08508,0.09576,1.27684
0.08508,0.09576,1.27684
0.08508,0.09576,1.27684
0.08508,0.09576,1.27684
0.08508,0.09576,1.27684
0.08508,0.09576,1.27684
0.08508,0.09576,1.27684
0.08508,0.09576,1.27684
0.08508,0.09576,1.27684
0.08508,0.09576,1.27684
0.08508,0.09576,1.27684
0.08508,0.09576,1.27684
0.08508,0.09576,1.27684
0.08508,0.09576,1.27684
0.08508,0.09576,1.27684
0.08508,0.09576,1.27684
0.08508,0.09576,1.27684
0.08508,0.09576,1.27684
0.08508,0.09576,1.27684
0.08508,0.09576,1.27684
0.08508,0.09576,1.27684
0.08508,0.09576,1.27684
0.08508,0.09576,1.27684
0.08508,0.09576,1.27684
0.08508,0.09576,1.27684
0.08508,0.09576,1.27684
0.08508,0.09576,1.27684
0.08508,0.09576,1.27684
0.08508,0.09576,1.27684
0.08508,0.09576,1.27684
0.08508,0.09576,1.27684
0.08508,0.09576,1.27684
0.08508,0.09576,1.27684
0.08508,0.09576,1.27684
0.08508,0.09576,1.27684
0.08508,0.09576,1.27684
0.08508,0.09576,1.27684
0.08508,0.09576,1.27684
0.08508,0.09576,1.27684
0.08508,0.09576,1.27684
0.08508,0.09576,1.27684
0.08508,0.09576,1.27684
0.08508,0.09576,1.27684
0.08508,0.09576,1.27684
0.08508,0.09576,1.27684
0.08508,0.09576,1.27684
0.08508,0.09576,1.27684
0.08508,0.09576,1.27684
0.08508,0.09576,1.27684
0.08508,0.09576,1.27684
0.08508,0.09576,1.27684
0.08508,0.09576,1.27684
0.08508,0.09576,1.27684
0.08508,0.09576,1.27684
0.08508,0.09576,1.27684
0.08508,0.09576,1.27684
0.08508,0.09576,1.27684
0.08508,0.09576,1.27684
0.08508,0.09576,1.27684
0.08508,0.09576,1.27684
0.08508,0.09576,1.27684
0.08508,0.09576,1.27684
0.08508,0.09576,1.27684
0.08508,0.09576,1.27684
0.08508,0.09576,1.27684
0.08508,0.09576,1.27684
0.08508,0.09576,1.27684
0.08508,0.09576,1.27684
0.08508,0.09576,1.27684
0.08508,0.09576,1.27684
0.08508,0.09576,1.27684
0.08508,0.09576,1.27684
0.08508,0.09576,1.27684
0.08508,0.09576,1.27684
0.08508,0.09576,1.27684
0.08508,0.09576,1.27684
0.08508,0.09576,1.27684
0.08508,0.09576,1.27684
0.08508,0.09576,1.27684
0.08508,0.09576,1.27684
0.08508,0.09576,1.27684
0.08508,0.09576,1.27684
0.08508,0.09576,1.27684
0.08508,0.09576,1.27684
0.08508,0.09576,1.27684
0.08508,0.09576,1.27684
0.08508,0.09576,1.27684
0.08508,0.09576,1.27684
0.08508,0.09576,1.27684
0.08508,0.09576,1.27684
0.08508,0.09576,1.27684
0.08508,0.09576,1.27684
0.08508,0.09576,1.27684
0.08508,0.09576,1.27684
0.08508,0.09576,1.27684
0.08508,0.09576,1.27684
0.08508,0.09576,1.27684
0.08508,0.09576,1.27684
0.08508,0.09576,1.27684
0.08508,0.09576,1.27684
0.08508,0.09576,1.27684
0.08508,0.09576,1.27684
0.08508,0.09576,1.27684
0.08508,0.09576,1.27684
0.08508,0.09576,1.27684
0.08508,0.09576,1.27684
0.08508,0.09576,1.27684
0.08508,0.09576,1.27684
0.08508,0.09576,1.27684
0.08508,0.09576,1.27684
0.08508,0.09576,1.27684
0.08508,0.09576,1.27684
0.08508,0.09576,1.27684
0.08508,0.09576,1.27684
0.08508,0.09576,1.27684
0.08508,0.09576,1.27684
0.08508,0.09576,1.27684
0.08508,0.09576,1.27684
0.08508,0.09576,1.27684
0.08508,0.09576,1.27684
0.08508,0.09576,1.27684
0.08508,0.09576,1.27684
0.08508,0.09576,1.27684
0.08508,0.09576,1.27684
0.08508,0.09576,1.27684
0.08508,0.09576,1.27684
0.08508,0.09576,1.27684
0.08508,0.09576,1.27684
0.08508,0.09576,1.27684
0.08508,0.09576,1.27684
0.08508,0.09576,1.27684
0.08508,0.09576,1.27684
0.08508,0.09576,1.27684
0.08508,0.09576,1.27684
0.08508,0.09576,1.27684
0.08508,0.09576,1.27684
0.08508,0.09576,1.27684
0.08508,0.09576,1.27684
0.08508,0.09576,1.27684
0.08508,0.09576,1.27684
0.08508,0.09576,1.27684
0.08508,0.09576,1.27684
0.08508,0.09576,1.27684
0.08508,0.09576,1.27684
0.08508,0.09576,1.27684
0.08508,0.09576,1.27684
0.08508,0.09576,1.27684
0.08508,0.09576,1.27684
0.08508,0.09576,1.27684
0.08508,0.09576,1.27684
0.08508,0.09576,1.27684
0.08508,0.09576,1.27684
0.08508,0.09576,1.27684
0.08508,0.09576,1.27684
0.08508,0.09576,1.27684
0.08508,0.09576,1.27684
0.08508,0.09576,1.27684
0.08508,0.09576,1.27684
0.08508,0.09576,1.27684
0.08508,0.09576,1.27684
0.08508,0.09576,1.27684
0.08508,0.09576,1.27684
0.08508,0.09576,1.27684
0.08508,0.09576,1.27684
0.08508,0.09576,1.27684
0.08508,0.09576,1.27684
0.08508,0.09576,1.27684
0.08508,0.09576,1.27684
0.08508,0.09576,1.27684
0.08508,0.09576,1.27684
0.08508,0.09576,1.27684
0.08508,0.09576,1.27684
0.08508,0.09576,1.27684
0.08508,0.09576,1.27684
0.08508,0.09576,1.27684
0.08508,0.09576,1.27684
0.08508,0.09576,1.27684
0.08508,0.09576,1.27684
0.08508,0.09576,1.27684
0.08508,0.09576,1.27684
0.08508,0.09576,1.27684
0.08508,0.09576,1.27684
0.08508,0.09576,1.27684
0.08508,0.09576,1.27684
0.08508,0.09576,1.27684
0.08508,0.09576,1.27684
0.08508,0.09576,1.27684
0.08508,0.09576,1.27684
0.08508,0.09576,1.27684
0.08508,0.09576,1.27684
0.08508,0.09576,1.27684
0.08508,0.09576,1.27684
0.08508,0.09576,1.27684
0.08508,0.09576,1.27684
0.08508,0.09576,1.27684
0.08508,0.09576,1.27684
0.08508,0.09576,1.27684
0.08508,0.09576,1.27684
0.08508,0.09576,1.27684
0.08508,0.09576,1.27684
0.08508,0.09576,1.27684
0.08508,0.09576,1.27684
0.08508,0.09576,1.27684
0.08508,0.09576,1.27684
0.08508,0.09576,1.27684
0.08508,0.09576,1.27684
0.08508,0.09576,1.27684
0.08508,0.09576,1.27684
0.08508,0.09576,1.27684
0.08508,0.09576,1.27684
0.08508,0.09576,1.27684
0.08508,0.09576,1.27684
0.08508,0.09576,1.27684
0.08508,0.09576,1.27684
0.08508,0.09576,1.27684
0.08508,0.09576,1.27684
0.08508,0.09576,1.27684
0.08508,0.09576,1.27684
0.08508,0.09576,1.27684
0.08508,0.09576,1.27684
0.08508,0.09576,1.27684
0.08508,0.09576,1.27684
0.08508,0.09576,1.27684
0.08508,0.09576,1.27684
0.08508,0.09576,1.27684
0.08508,0.09576,1.27684
0.08508,0.09576,1.27684
0.08508,0.09576,1.27684
0.08508,0.09576,1.27684
0.08508,0.09576,1.27684
0.08508,0.09576,1.27684
0.08508,0.09576,1.27684
0.08508,0.09576,1.27684
0.08508,0.09576,1.27684
0.08508,0.09576,1.27684
0.08508,0.09576,1.27684
0.08508,0.09576,1.27684
0.08508,0.09576,1.27684
0.08508,0.09576,1.27684
0.08508,0.09576,1.27684
0.08508,0.09576,1.27684
0.08508,0.09576,1.27684
0.08508,0.09576,1.27684
0.08508,0.09576,1.27684
0.08508,0.09576,1.27684
0.08508,0.09576,1.27684
0.08508,0.09576,1.27684
0.08508,0.09576,1.27684
0.08508,0.09576,1.27684
0.08508,0.09576,1.27684
0.08508,0.09576,1.27684
0.08508,0.09576,1.27684
0.08508,0.09576,1.27684
0.08508,0.09576,1.27684
0.08508,0.09576,1.27684
0.08508,0.09576,1.27684
0.08508,0.09576,1.27684
0.08508,0.09576,1.27684
0.08508,0.09576,1.27684
0.08508,0.09576,1.27684
0.08508,0.09576,1.27684
0.08508,0.09576,1.27684
0.08508,0.09576,1.27684
0.08508,0.09576,1.27684
0.08508,0.09576,1.27684
0.08508,0.09576,1.27684
0.08508,0.09576,1.27684
0.08508,0.09576,1.27684
0.08508,0.09576,1.27684
0.08508,0.09576,1.27684
0.08508,0.09576,1.27684
0.08508,0.09576,1.27684
0.08508,0.09576,1.27684
0.08508,0.09576,1.27684
0.08508,0.09576,1.27684
0.08508,0.09576,1.27684
0.08508,0.09576,1.27684
0.08508,0.09576,1.27684
0.08508,0.09576,1.27684
0.08508,0.09576,1.27684
0.08508,0.09576,1.27684
0.08508,0.09576,1.27684
0.08508,0.09576,1.27684
0.08508,0.09576,1.27684
0.08508,0.09576,1.27684
0.08508,0.09576,1.27684
0.08508,0.09576,1.27684
0.08508,0.09576,1.27684
0.08508,0.09576,1.27684
0.08508,0.09576,1.27684
0.08508,0.09576,1.27684
0.08508,0.09576,1.27684
0.08508,0.09576,1.27684
0.08508,0.09576,1.27684
0.08508,0.09576,1.32703
0.08508,0.09576,1.32703
0.08508,0.09576,1.32703
0.08508,0.09576,1.32703
0.08508,0.09576,1.32703
0.08508,0.09576,1.32703
0.08508,0.09576,1.32703
0.08508,0.09576,1.32703
0.08508,0.09576,1.32703
0.08508,0.09576,1.32703
0.08508,0.09576,1.32703
0.08508,0.09576,1.32703
0.08508,0.09576,1.32703
0.08508,0.09576,1.32703
0.08508,0.09576,1.32703
0.08508,0.09576,1.32703
0.08508,0.09576,1.32703
0.08508,0.09576,1.32703
0.08508,0.09576,1.32703
0.08508,0.09576,1.32703
0.08508,0.09576,1.32703
0.08508,0.09576,1.32703
0.08508,0.09576,1.32703
0.08508,0.09576,1.32703
0.08508,0.09576,1.32703
0.08508,0.09576,1.32703
0.08508,0.09576,1.32703
0.08508,0.09576,1.32703
0.08508,0.09576,1.32703
0.08508,0.09576,1.32703
0.08508,0.09576,1.32703
0.08508,0.09576,1.32703
0.08508,0.09576,1.32703
0.08508,0.09576,1.32703
0.08508,0.09576,1.32703
0.08508,0.09576,1.32703
0.08508,0.09576,1.32703
0.08508,0.09576,1.32703
0.08508,0.09576,1.32703
0.08508,0.09576,1.32703
0.08508,0.09576,1.32703
0.08508,0.09576,1.32703
0.08508,0.09576,1.32703
0.08508,0.09576,1.32703
0.08508,0.09576,1.32703
0.08508,0.09576,1.32703
0.08508,0.09576,1.32703
0.08508,0.09576,1.32703
0.08508,0.09576,1.32703
0.08508,0.09576,1.32703
0.08508,0.09576,1.32703
0.08508,0.09576,1.32703
0.08508,0.09576,1.32703
0.08508,0.09576,1.32703
0.08508,0.09576,1.32703
0.08508,0.09576,1.32703
0.08508,0.09576,1.32703
0.08508,0.09576,1.32703
0.08508,0.09576,1.32703
0.08508,0.09576,1.32703
0.08508,0.09576,1.32703
0.08508,0.09576,1.32703
0.08508,0.09576,1.32703
0.08508,0.09576,1.32703
0.08508,0.09576,1.32703
0.08508,0.09576,1.32703
0.08508,0.09576,1.32703
0.08508,0.09576,1.32703
0.08508,0.09576,1.32703
0.08508,0.09576,1.32703
0.08508,0.09576,1.32703
0.08508,0.09576,1.32703
0.08508,0.09576,1.32703
0.08508,0.09576,1.32703
0.08508,0.09576,1.32703
0.08508,0.09576,1.32703
0.08508,0.09576,1.32703
0.08508,0.09576,1.32703
0.08508,0.09576,1.32703
0.08508,0.09576,1.32703
0.08508,0.09576,1.32703
0.08508,0.09576,1.32703
0.08508,0.09576,1.32703
0.08508,0.09576,1.32703
0.08508,0.09576,1.32703
0.08508,0.09576,1.32703
0.08508,0.09576,1.32703
0.08508,0.09576,1.32703
0.08508,0.09576,1.32703
0.08508,0.09576,1.32703
0.08508,0.09576,1.32703
0.08508,0.09576,1.32703
0.08508,0.09576,1.32703
0.08508,0.09576,1.32703
0.08508,0.09576,1.32703
0.08508,0.09576,1.32703
0.08508,0.09576,1.32703
0.08508,0.09576,1.32703
0.08508,0.09576,1.32703
0.08508,0.09576,1.32703
0.08508,0.09576,1.32703
0.08508,0.09576,1.32703
0.08508,0.09576,1.32703
0.08508,0.09576,1.32703
0.08508,0.09576,1.32703
0.08508,0.09576,1.32703
0.08508,0.09576,1.32703
0.08508,0.09576,1.32703
0.08508,0.09576,1.32703
0.08508,0.09576,1.32703
0.08508,0.09576,1.32703
0.08508,0.09576,1.32703
0.08508,0.09576,1.32703
0.08508,0.09576,1.32703
0.08508,0.09576,1.32703
0.08508,0.09576,1.32703
0.08508,0.09576,1.32703
0.08508,0.09576,1.32703
0.08508,0.09576,1.32703
0.08508,0.09576,1.32703
0.08508,0.09576,1.32703
0.08508,0.09576,1.32703
0.08508,0.09576,1.32703
0.08508,0.09576,1.32703
0.08508,0.09576,1.32703
0.08508,0.09576,1.32703
0.08508,0.09576,1.32703
0.08508,0.09576,1.32703
0.08508,0.09576,1.32703
0.08508,0.09576,1.32703
0.08508,0.09576,1.32703
0.08508,0.09576,1.32703
0.08508,0.09576,1.32703
0.08508,0.09576,1.32703
0.08508,0.09576,1.32703
0.08508,0.09576,1.32703
0.08508,0.09576,1.32703
0.08508,0.09576,1.32703
0.08508,0.09576,1.32703
0.08508,0.09576,1.32703
0.08508,0.09576,1.32703
0.08508,0.09576,1.32703
0.08508,0.09576,1.32703
0.08508,0.09576,1.32703
0.08508,0.09576,1.32703
0.08508,0.09576,1.32703
0.08508,0.09576,1.32703
0.08508,0.09576,1.32703
0.08508,0.09576,1.32703
0.08508,0.09576,1.32703
0.08508,0.09576,1.32703
0.08508,0.09576,1.32703
0.08508,0.09576,1.32703
0.08508,0.09576,1.32703
0.08508,0.09576,1.32703
0.08508,0.09576,1.32703
0.08508,0.09576,1.32703
0.08508,0.09576,1.32703
0.08508,0.09576,1.32703
0.08508,0.09576,1.32703
0.08508,0.09576,1.32703
0.08508,0.09576,1.32703
0.08508,0.09576,1.32703
0.08508,0.09576,1.32703
0.08508,0.09576,1.32703
0.08508,0.09576,1.32703
0.08508,0.09576,1.32703
0.08508,0.09576,1.32703
0.08508,0.09576,1.32703
0.08508,0.09576,1.32703
0.08508,0.09576,1.32703
0.08508,0.09576,1.32703
0.08508,0.09576,1.32703
0.08508,0.09576,1.32703
0.08508,0.09576,1.32703
0.08508,0.09576,1.32703
0.08508,0.09576,1.32703
0.08508,0.09576,1.32703
0.08508,0.09576,1.32703
0.08508,0.09576,1.32703
0.08508,0.09576,1.32703
0.08508,0.09576,1.32703
0.08508,0.09576,1.32703
0.08508,0.09576,1.32703
0.08508,0.09576,1.32703
0.08508,0.09576,1.32703
0.08508,0.09576,1.32703
0.08508,0.09576,1.32703
0.08508,0.09576,1.32703
0.08508,0.09576,1.32703
0.08508,0.09576,1.32703
0.08508,0.09576,1.32703
0.08508,0.09576,1.32703
0.08508,0.09576,1.32703
0.08508,0.09576,1.32703
0.08508,0.09576,1.32703
0.08508,0.09576,1.32703
0.08508,0.09576,1.32703
0.08508,0.09576,1.32703
0.08508,0.09576,1.32703
0.08508,0.09576,1.32703
0.08508,0.09576,1.32703
0.08508,0.09576,1.32703
0.08508,0.09576,1.32703
0.08508,0.09576,1.32703
0.08508,0.09576,1.32703
0.08508,0.09576,1.32703
0.08508,0.09576,1.32703
0.08508,0.09576,1.32703
0.08508,0.09576,1.32703
0.08508,0.09576,1.32703
0.08508,0.09576,1.32703
0.08508,0.09576,1.32703
0.08508,0.09576,1.32703
0.08508,0.09576,1.32703
0.08508,0.09576,1.32703
0.08508,0.09576,1.32703
0.08508,0.09576,1.32703
0.08508,0.09576,1.32703
0.08508,0.09576,1.32703
0.08508,0.09576,1.32703
0.08508,0.09576,1.32703
0.08508,0.09576,1.32703
0.08508,0.09576,1.32703
0.08508,0.09576,1.32703
0.08508,0.09576,1.32703
0.08508,0.09576,1.32703
0.08508,0.09576,1.32703
0.08508,0.09576,1.32703
0.08508,0.09576,1.32703
0.08508,0.09576,1.32703
0.08508,0.09576,1.32703
0.08508,0.09576,1.32703
0.08508,0.09576,1.32703
0.08508,0.09576,1.32703
0.08508,0.09576,1.32703
0.08508,0.09576,1.32703
0.08508,0.09576,1.32703
0.08508,0.09576,1.32703
0.08508,0.09576,1.32703
0.08508,0.09576,1.32703
0.08508,0.09576,1.32703
0.08508,0.09576,1.32703
0.08508,0.09576,1.32703
0.08508,0.09576,1.32703
0.08508,0.09576,1.32703
0.08508,0.09576,1.32703
0.08508,0.09576,1.32703
0.08508,0.09576,1.32703
0.08508,0.09576,1.32703
0.08508,0.09576,1.32703
0.08508,0.09576,1.32703
0.08508,0.09576,1.32703
0.08508,0.09576,1.32703
0.08508,0.09576,1.32703
0.08508,0.09576,1.32703
0.08508,0.09576,1.32703
0.08508,0.09576,1.32703
0.08508,0.09576,1.32703
0.08508,0.09576,1.32703
0.08508,0.09576,1.32703
0.08508,0.09576,1.32703
0.08508,0.09576,1.32703
0.08508,0.09576,1.32703
0.08508,0.09576,1.32703
0.08508,0.09576,1.32703
0.08508,0.09576,1.32703
0.08508,0.09576,1.32703
0.08508,0.09576,1.32703
0.08508,0.09576,1.32703
0.08508,0.09576,1.32703
0.08508,0.09576,1.32703
0.08508,0.09576,1.32703
0.08508,0.09576,1.32703
0.08508,0.09576,1.32703
0.08508,0.09576,1.32703
0.08508,0.09576,1.32703
0.08508,0.09576,1.32703
0.08508,0.09576,1.32703
0.08508,0.09576,1.32703
0.08508,0.09576,1.32703
0.08508,0.09576,1.32703
0.08508,0.09576,1.32703
0.08508,0.09576,1.32703
0.08508,0.09576,1.32703
0.08508,0.09576,1.32703
0.08508,0.09576,1.32703
0.08508,0.09576,1.32703
0.08508,0.09576,1.32703
0.08508,0.09576,1.32703
0.08508,0.09576,1.32703
0.08508,0.09576,1.32703
0.08508,0.09576,1.32703
0.08508,0.09576,1.32703
0.08508,0.09576,1.32703
0.08508,0.09576,1.32703
0.08508,0.09576,1.32703
0.08508,0.09576,1.32703
0.08508,0.09576,1.32703
0.08508,0.09576,1.32703
0.08508,0.09576,1.32703
0.08508,0.09576,1.32703
0.08508,0.09576,1.32703
0.08508,0.09576,1.32703
0.08508,0.09576,1.32703
0.08508,0.09576,1.32703
0.08508,0.09576,1.32703
0.08508,0.09576,1.32703
0.08508,0.09576,1.32703
0.08508,0.09576,1.32703
0.08508,0.09576,1.32703
0.08508,0.09576,1.32703
0.08508,0.09576,1.32703
0.08508,0.09576,1.32703
0.08508,0.09576,1.32703
0.08508,0.09576,1.32703
0.08508,0.09576,1.32703
0.08508,0.09576,1.32703
0.08508,0.09576,1.32703
0.08508,0.09576,1.32703
0.08508,0.09576,1.32703
0.08508,0.09576,1.32703
0.08508,0.09576,1.32703
0.08508,0.09576,1.32703
0.08508,0.09576,1.32703
0.08508,0.09576,1.32703
0.08508,0.09576,1.32703
0.08508,0.09576,1.32703
0.08508,0.09576,1.32703
0.08508,0.09576,1.32703
0.08508,0.09576,1.32703
0.08508,0.09576,1.32703
0.08508,0.09576,1.32703
0.08508,0.09576,1.32703
0.08508,0.09576,1.32703
0.08508,0.09576,1.32703
0.08508,0.09576,1.32703
0.08508,0.09576,1.32703
0.08508,0.09576,1.32703
0.08508,0.09576,1.32703
0.08508,0.09576,1.32703
0.08508,0.09576,1.32703
0.08508,0.09576,1.32703
0.08508,0.09576,1.32703
0.08508,0.09576,1.32703
0.08508,0.09576,1.32703
0.08508,0.09576,1.32703
0.08508,0.09576,1.32703
0.08508,0.09576,1.32703
0.08508,0.09576,1.32703
0.08508,0.09576,1.32703
0.08508,0.09576,1.32703
0.08508,0.09576,1.32703
0.08508,0.09576,1.32703
0.08508,0.09576,1.32703
0.08508,0.09576,1.32703
0.08508,0.09576,1.32703
0.08508,0.09576,1.32703
0.08508,0.09576,1.32703
0.08508,0.09576,1.32703
0.08508,0.09576,1.32703
0.08508,0.09576,1.32703
0.08508,0.09576,1.32703
0.08508,0.09576,1.32703
0.08508,0.09576,1.32703
0.08508,0.09576,1.32703
0.08508,0.09576,1.32703
0.08508,0.09576,1.32703
0.08508,0.09576,1.32703
0.08508,0.09576,1.32703
0.08508,0.09576,1.32703
0.08508,0.09576,1.32703
0.08508,0.09576,1.32703
0.08508,0.09576,1.32703
0.08508,0.09576,1.32703
0.08508,0.09576,1.32703
0.08508,0.09576,1.32703
0.08508,0.09576,1.32703
0.08508,0.09576,1.32703
0.08508,0.09576,1.32703
0.08508,0.09576,1.32703
0.08508,0.09576,1.32703
0.08508,0.09576,1.32703
0.08508,0.09576,1.32703
0.08508,0.09576,1.32703
0.08508,0.09576,1.32703
0.08508,0.09576,1.32703
0.08508,0.09576,1.32703
0.08508,0.09576,1.32703
0.08508,0.09576,1.32703
0.08508,0.09576,1.32703
0.08508,0.09576,1.32703
0.08508,0.09576,1.32703
0.08508,0.09576,1.32703
0.08508,0.09576,1.32703
0.08508,0.09576,1.32703
0.08508,0.09576,1.32703
0.08508,0.09576,1.32703
0.08508,0.09576,1.32703
0.08508,0.09576,1.32703
0.08508,0.09576,1.32703
0.08508,0.09576,1.32703
0.08508,0.09576,1.32703
0.08508,0.09576,1.32703
0.08508,0.09576,1.32703
0.08508,0.09576,1.32703
0.08508,0.09576,1.32703
0.08508,0.09576,1.32703
0.08508,0.09576,1.32703
0.08508,0.09576,1.32703
0.08508,0.09576,1.32703
0.08508,0.09576,1.32703
0.08508,0.09576,1.32703
0.08508,0.09576,1.32703
0.08508,0.09576,1.32703
0.08508,0.09576,1.32703
0.08508,0.09576,1.32703
0.08508,0.09576,1.32703
0.08508,0.09576,1.32703
0.08508,0.09576,1.32703
0.08508,0.09576,1.32703
0.08508,0.09576,1.32703
0.08508,0.09576,1.32703
0.08508,0.09576,1.32703
0.08508,0.09576,1.32703
0.08508,0.09576,1.32703
0.08508,0.09576,1.32703
0.08508,0.09576,1.32703
0.08508,0.09576,1.32703
0.08508,0.09576,1.32703
0.08508,0.09576,1.32703
0.08508,0.09576,1.32703
0.08508,0.09576,1.32703
0.08508,0.09576,1.32703
0.08508,0.09576,1.32703
0.08508,0.09576,1.32703
0.08508,0.09576,1.32703
0.08508,0.09576,1.32703
0.08508,0.09576,1.32703
0.08508,0.09576,1.32703
0.08508,0.09576,1.32703
0.08508,0.09576,1.32703
0.08508,0.09576,1.32703
0.08508,0.09576,1.32703
0.08508,0.09576,1.32703
0.08508,0.09576,1.32703
0.08508,0.09576,1.32703
0.08508,0.09576,1.32703
0.08508,0.09576,1.32703
0.08508,0.09576,1.32703
0.08508,0.09576,1.32703
0.08508,0.09576,1.32703
0.08508,0.09576,1.32703
0.08508,0.09576,1.32703
0.08508,0.09576,1.32703
0.08508,0.09576,1.32703
0.08508,0.09576,1.32703
0.08508,0.09576,1.32703
0.08508,0.09576,1.32703
0.08508,0.09576,1.32703
0.08508,0.09576,1.32703
0.08508,0.09576,1.32703
0.08508,0.09576,1.32703
0.08508,0.09576,1.32703
0.08508,0.09576,1.32703
0.08508,0.09576,1.32703
0.08508,0.09576,1.32703
0.08508,0.09576,1.32703
0.08508,0.09576,1.32703
0.08508,0.09576,1.32703
0.08508,0.09576,1.32703
0.08508,0.09576,1.32703
0.08508,0.09576,1.32703
0.08508,0.09576,1.32703
0.08508,0.09576,1.32703
0.08508,0.09576,1.32703
0.08508,0.09576,1.32703
0.08508,0.09576,1.32703
0.08508,0.09576,1.32703
0.08508,0.09576,1.32703
0.08508,0.09576,1.32703
0.08508,0.09576,1.32703
0.08508,0.09576,1.32703
0.08508,0.09576,1.32703
0.08508,0.09576,1.32703
0.08508,0.09576,1.32703
0.08508,0.09576,1.32703
0.08508,0.09576,1.32703
0.08508,0.09576,1.32703
0.08508,0.09576,1.32703
0.08508,0.09576,1.32703
0.08508,0.09576,1.32703
0.08508,0.09576,1.32703
0.08508,0.09576,1.32703
0.08508,0.09576,1.32703
0.08508,0.09576,1.32703
0.08508,0.09576,1.32703
0.08508,0.09576,1.32703
0.08508,0.09576,1.32703
0.08508,0.09576,1.32703
0.08508,0.09576,1.32703
0.08508,0.09576,1.32703
0.08508,0.09576,1.32703
0.08508,0.09576,1.32703
0.08508,0.09576,1.32703
0.08508,0.09576,1.32703
0.08508,0.09576,1.32703
0.08508,0.09576,1.32703
0.08508,0.09576,1.32703
0.08508,0.09576,1.32703
0.08508,0.09576,1.32703
0.08508,0.09576,1.32703
0.08508,0.09576,1.32703
0.08508,0.09576,1.32703
0.08508,0.09576,1.32703
0.08508,0.09576,1.32703
0.08508,0.09576,1.32703
0.08508,0.09576,1.32703
0.08508,0.09576,1.32703
0.08508,0.09576,1.32703
0.08508,0.09576,1.32703
0.08508,0.09576,1.37002
0.08508,0.09576,1.37002
0.08508,0.09576,1.37002
0.08508,0.09576,1.37002
0.08508,0.09576,1.37002
0.08508,0.09576,1.37002
0.08508,0.09576,1.37002
0.08508,0.09576,1.37002
0.08508,0.09576,1.37002
0.08508,0.09576,1.37002
0.08508,0.09576,1.37002
0.08508,0.09576,1.37002
0.08508,0.09576,1.37002
0.08508,0.09576,1.37002
0.08508,0.09576,1.37002
0.08508,0.09576,1.37002
0.08508,0.09576,1.37002
0.08508,0.09576,1.37002
0.08508,0.09576,1.37002
0.08508,0.09576,1.37002
0.08508,0.09576,1.37002
0.08508,0.09576,1.37002
0.08508,0.09576,1.37002
0.08508,0.09576,1.37002
0.08508,0.09576,1.37002
0.08508,0.09576,1.37002
0.08508,0.09576,1.37002
0.08508,0.09576,1.37002
0.08508,0.09576,1.37002
0.08508,0.09576,1.37002
0.08508,0.09576,1.37002
0.08508,0.09576,1.37002
0.08508,0.09576,1.37002
0.08508,0.09576,1.37002
0.08508,0.09576,1.37002
0.08508,0.09576,1.37002
0.08508,0.09576,1.37002
0.08508,0.09576,1.37002
0.08508,0.09576,1.37002
0.08508,0.09576,1.37002
0.08508,0.09576,1.37002
0.08508,0.09576,1.37002
0.08508,0.09576,1.37002
0.08508,0.09576,1.37002
0.08508,0.09576,1.37002
0.08508,0.09576,1.37002
0.08508,0.09576,1.37002
0.08508,0.09576,1.37002
0.08508,0.09576,1.37002
0.08508,0.09576,1.37002
0.08508,0.09576,1.37002
0.08508,0.09576,1.37002
0.08508,0.09576,1.37002
0.08508,0.09576,1.37002
0.08508,0.09576,1.37002
0.08508,0.09576,1.37002
0.08508,0.09576,1.37002
0.08508,0.09576,1.37002
0.08508,0.09576,1.37002
0.08508,0.09576,1.37002
0.08508,0.09576,1.37002
0.08508,0.09576,1.37002
0.08508,0.09576,1.37002
0.08508,0.09576,1.37002
0.08508,0.09576,1.37002
0.08508,0.09576,1.37002
0.08508,0.09576,1.37002
0.08508,0.09576,1.37002
0.08508,0.09576,1.37002
0.08508,0.09576,1.37002
0.08508,0.09576,1.37002
0.08508,0.09576,1.37002
0.08508,0.09576,1.37002
0.08508,0.09576,1.37002
0.08508,0.09576,1.37002
0.08508,0.09576,1.37002
0.08508,0.09576,1.37002
0.08508,0.09576,1.37002
0.08508,0.09576,1.37002
0.08508,0.09576,1.37002
0.08508,0.09576,1.37002
0.08508,0.09576,1.37002
0.08508,0.09576,1.37002
0.08508,0.09576,1.37002
0.08508,0.09576,1.37002
0.08508,0.09576,1.37002
0.08508,0.09576,1.37002
0.08508,0.09576,1.37002
0.08508,0.09576,1.37002
0.08508,0.09576,1.37002
0.08508,0.09576,1.37002
0.08508,0.09576,1.37002
0.08508,0.09576,1.37002
0.08508,0.09576,1.37002
0.08508,0.09576,1.37002
0.08508,0.09576,1.37002
0.08508,0.09576,1.37002
0.08508,0.09576,1.37002
0.08508,0.09576,1.37002
0.08508,0.09576,1.37002
0.08508,0.09576,1.37002
0.08508,0.09576,1.37002
0.08508,0.09576,1.37002
0.08508,0.09576,1.37002
0.08508,0.09576,1.37002
0.08508,0.09576,1.37002
0.08508,0.09576,1.37002
0.08508,0.09576,1.37002
0.08508,0.09576,1.37002
0.08508,0.09576,1.37002
0.08508,0.09576,1.37002
0.08508,0.09576,1.37002
0.08508,0.09576,1.37002
0.08508,0.09576,1.37002
0.08508,0.09576,1.37002
0.08508,0.09576,1.37002
0.08508,0.09576,1.37002
0.08508,0.09576,1.37002
0.08508,0.09576,1.37002
0.08508,0.09576,1.37002
0.08508,0.09576,1.37002
0.08508,0.09576,1.37002
0.08508,0.09576,1.37002
0.08508,0.09576,1.37002
0.08508,0.09576,1.37002
0.08508,0.09576,1.37002
0.08508,0.09576,1.37002
0.08508,0.09576,1.37002
0.08508,0.09576,1.37002
0.08508,0.09576,1.37002
0.08508,0.09576,1.37002
0.08508,0.09576,1.37002
0.08508,0.09576,1.37002
0.08508,0.09576,1.37002
0.08508,0.09576,1.37002
0.08508,0.09576,1.37002
0.08508,0.09576,1.37002
0.08508,0.09576,1.37002
0.08508,0.09576,1.37002
0.08508,0.09576,1.37002
0.08508,0.09576,1.37002
0.08508,0.09576,1.37002
0.08508,0.09576,1.37002
0.08508,0.09576,1.37002
0.08508,0.09576,1.37002
0.08508,0.09576,1.37002
0.08508,0.09576,1.37002
0.08508,0.09576,1.37002
0.08508,0.09576,1.37002
0.08508,0.09576,1.37002
0.08508,0.09576,1.37002
0.08508,0.09576,1.37002
0.08508,0.09576,1.37002
0.08508,0.09576,1.37002
0.08508,0.09576,1.37002
0.08508,0.09576,1.37002
0.08508,0.09576,1.37002
0.08508,0.09576,1.37002
0.08508,0.09576,1.37002
0.08508,0.09576,1.37002
0.08508,0.09576,1.37002
0.08508,0.09576,1.37002
0.08508,0.09576,1.37002
0.08508,0.09576,1.37002
0.08508,0.09576,1.37002
0.08508,0.09576,1.37002
0.08508,0.09576,1.37002
0.08508,0.09576,1.37002
0.08508,0.09576,1.37002
0.08508,0.09576,1.37002
0.08508,0.09576,1.37002
0.08508,0.09576,1.37002
0.08508,0.09576,1.37002
0.08508,0.09576,1.37002
0.08508,0.09576,1.37002
0.08508,0.09576,1.37002
0.08508,0.09576,1.37002
0.08508,0.09576,1.37002
0.08508,0.09576,1.37002
0.08508,0.09576,1.37002
0.08508,0.09576,1.37002
0.08508,0.09576,1.37002
0.08508,0.09576,1.37002
0.08508,0.09576,1.37002
0.08508,0.09576,1.37002
0.08508,0.09576,1.37002
0.08508,0.09576,1.37002
0.08508,0.09576,1.37002
0.08508,0.09576,1.37002
0.08508,0.09576,1.37002
0.08508,0.09576,1.37002
0.08508,0.09576,1.37002
0.08508,0.09576,1.37002
0.08508,0.09576,1.37002
0.08508,0.09576,1.37002
0.08508,0.09576,1.37002
0.08508,0.09576,1.37002
0.08508,0.09576,1.37002
0.08508,0.09576,1.37002
0.08508,0.09576,1.37002
0.08508,0.09576,1.37002
0.08508,0.09576,1.37002
0.08508,0.09576,1.37002
0.08508,0.09576,1.37002
0.08508,0.09576,1.37002
0.08508,0.09576,1.37002
0.08508,0.09576,1.37002
0.08508,0.09576,1.37002
0.08508,0.09576,1.37002
0.08508,0.09576,1.37002
0.08508,0.09576,1.37002
0.08508,0.09576,1.37002
0.08508,0.09576,1.37002
0.08508,0.09576,1.37002
0.08508,0.09576,1.37002
0.08508,0.09576,1.37002
0.08508,0.09576,1.37002
0.08508,0.09576,1.37002
0.08508,0.09576,1.37002
0.08508,0.09576,1.37002
0.08508,0.09576,1.37002
0.08508,0.09576,1.37002
0.08508,0.09576,1.37002
0.08508,0.09576,1.37002
0.08508,0.09576,1.37002
0.08508,0.09576,1.37002
0.08508,0.09576,1.37002
0.08508,0.09576,1.37002
0.08508,0.09576,1.37002
0.08508,0.09576,1.37002
0.08508,0.09576,1.37002
0.08508,0.09576,1.37002
0.08508,0.09576,1.37002
0.08508,0.09576,1.37002
0.08508,0.09576,1.37002
0.08508,0.09576,1.37002
0.08508,0.09576,1.37002
0.08508,0.09576,1.37002
0.08508,0.09576,1.37002
0.08508,0.09576,1.37002
0.08508,0.09576,1.37002
0.08508,0.09576,1.37002
0.08508,0.09576,1.37002
0.08508,0.09576,1.37002
0.08508,0.09576,1.37002
0.08508,0.09576,1.37002
0.08508,0.09576,1.37002
0.08508,0.09576,1.37002
0.08508,0.09576,1.37002
0.08508,0.09576,1.37002
0.08508,0.09576,1.37002
0.08508,0.09576,1.37002
0.08508,0.09576,1.37002
0.08508,0.09576,1.37002
0.08508,0.09576,1.37002
0.08508,0.09576,1.37002
0.08508,0.09576,1.37002
0.08508,0.09576,1.37002
0.08508,0.09576,1.37002
0.08508,0.09576,1.37002
0.08508,0.09576,1.37002
0.08508,0.09576,1.37002
0.08508,0.09576,1.37002
0.08508,0.09576,1.37002
0.08508,0.09576,1.37002
0.08508,0.09576,1.37002
0.08508,0.09576,1.37002
0.08508,0.09576,1.37002
0.08508,0.09576,1.37002
0.08508,0.09576,1.37002
0.08508,0.09576,1.37002
0.08508,0.09576,1.37002
0.08508,0.09576,1.37002
0.08508,0.09576,1.37002
0.08508,0.09576,1.37002
0.08508,0.09576,1.37002
0.08508,0.09576,1.37002
0.08508,0.09576,1.37002
0.08508,0.09576,1.37002
0.08508,0.09576,1.37002
0.08508,0.09576,1.37002
0.08508,0.09576,1.37002
0.08508,0.09576,1.37002
0.08508,0.09576,1.37002
0.08508,0.09576,1.37002
0.08508,0.09576,1.37002
0.08508,0.09576,1.37002
0.08508,0.09576,1.37002
0.08508,0.09576,1.37002
0.08508,0.09576,1.37002
0.08508,0.09576,1.37002
0.08508,0.09576,1.37002
0.08508,0.09576,1.37002
0.08508,0.09576,1.37002
0.08508,0.09576,1.37002
0.08508,0.09576,1.37002
0.08508,0.09576,1.37002
0.08508,0.09576,1.37002
0.08508,0.09576,1.37002
0.08508,0.09576,1.37002
0.08508,0.09576,1.37002
0.08508,0.09576,1.37002
0.08508,0.09576,1.37002
0.08508,0.09576,1.37002
0.08508,0.09576,1.37002
0.08508,0.09576,1.37002
0.08508,0.09576,1.37002
0.08508,0.09576,1.37002
0.08508,0.09576,1.37002
0.08508,0.09576,1.37002
0.08508,0.09576,1.37002
0.08508,0.09576,1.37002
0.08508,0.09576,1.37002
0.08508,0.09576,1.37002
0.08508,0.09576,1.37002
0.08508,0.09576,1.37002
0.08508,0.09576,1.37002
0.08508,0.09576,1.37002
0.08508,0.09576,1.37002
0.08508,0.09576,1.37002
0.08508,0.09576,1.37002
0.08508,0.09576,1.37002
0.08508,0.09576,1.37002
0.08508,0.09576,1.37002
0.08508,0.09576,1.37002
0.08508,0.09576,1.37002
0.08508,0.09576,1.37002
0.08508,0.09576,1.37002
0.08508,0.09576,1.37002
0.08508,0.09576,1.37002
0.08508,0.09576,1.37002
0.08508,0.09576,1.37002
0.08508,0.09576,1.37002
0.08508,0.09576,1.37002
0.08508,0.09576,1.37002
0.08508,0.09576,1.37002
0.08508,0.09576,1.37002
0.08508,0.09576,1.37002
0.08508,0.09576,1.37002
0.08508,0.09576,1.37002
0.08508,0.09576,1.37002
0.08508,0.09576,1.37002
0.08508,0.09576,1.37002
0.08508,0.09576,1.37002
0.08508,0.09576,1.37002
0.08508,0.09576,1.37002
0.08508,0.09576,1.37002
0.08508,0.09576,1.37002
0.08508,0.09576,1.37002
0.08508,0.09576,1.37002
0.08508,0.09576,1.37002
0.08508,0.09576,1.37002
0.08508,0.09576,1.37002
0.08508,0.09576,1.37002
0.08508,0.09576,1.37002
0.08508,0.09576,1.37002
0.08508,0.09576,1.37002
0.08508,0.09576,1.37002
0.08508,0.09576,1.37002
0.08508,0.09576,1.37002
0.08508,0.09576,1.37002
0.08508,0.09576,1.37002
0.08508,0.09576,1.37002
0.08508,0.09576,1.37002
0.08508,0.09576,1.37002
0.08508,0.09576,1.37002
0.08508,0.09576,1.37002
0.08508,0.09576,1.37002
0.08508,0.09576,1.37002
0.08508,0.09576,1.37002
0.08508,0.09576,1.37002
0.08508,0.09576,1.37002
0.08508,0.09576,1.37002
0.08508,0.09576,1.37002
0.08508,0.09576,1.37002
0.08508,0.09576,1.37002
0.08508,0.09576,1.37002
0.08508,0.09576,1.37002
0.08508,0.09576,1.37002
0.08508,0.09576,1.37002
0.08508,0.09576,1.37002
0.08508,0.09576,1.37002
0.08508,0.09576,1.37002
0.08508,0.09576,1.37002
0.08508,0.09576,1.37002
0.08508,0.09576,1.37002
0.08508,0.09576,1.37002
0.08508,0.09576,1.37002
0.08508,0.09576,1.37002
0.08508,0.09576,1.37002
0.08508,0.09576,1.37002
0.08508,0.09576,1.37002
0.08508,0.09576,1.37002
0.08508,0.09576,1.37002
0.08508,0.09576,1.37002
0.08508,0.09576,1.37002
0.08508,0.09576,1.37002
0.08508,0.09576,1.37002
0.08508,0.09576,1.37002
0.08508,0.09576,1.37002
0.08508,0.09576,1.37002
0.08508,0.09576,1.37002
0.08508,0.09576,1.37002
0.08508,0.09576,1.37002
0.08508,0.09576,1.37002
0.08508,0.09576,1.37002
0.08508,0.09576,1.37002
0.08508,0.09576,1.37002
0.08508,0.09576,1.37002
0.08508,0.09576,1.37002
0.08508,0.09576,1.37002
0.08508,0.09576,1.37002
0.08508,0.09576,1.37002
0.08508,0.09576,1.37002
0.08508,0.09576,1.37002
0.08508,0.09576,1.37002
0.08508,0.09576,1.37002
0.08508,0.09576,1.37002
0.08508,0.09576,1.37002
0.08508,0.09576,1.37002
0.08508,0.09576,1.37002
0.08508,0.09576,1.37002
0.08508,0.09576,1.37002
0.08508,0.09576,1.37002
0.08508,0.09576,1.37002
0.08508,0.09576,1.37002
0.08508,0.09576,1.37002
0.08508,0.09576,1.37002
0.08508,0.09576,1.37002
0.08508,0.09576,1.37002
0.08508,0.09576,1.37002
0.08508,0.09576,1.37002
0.08508,0.09576,1.37002
0.08508,0.09576,1.37002
0.08508,0.09576,1.37002
0.08508,0.09576,1.37002
0.08508,0.09576,1.37002
0.08508,0.09576,1.37002
0.08508,0.09576,1.37002
0.08508,0.09576,1.37002
0.08508,0.09576,1.37002
0.08508,0.09576,1.37002
0.08508,0.09576,1.37002
0.08508,0.09576,1.37002
0.08508,0.09576,1.37002
0.08508,0.09576,1.37002
0.08508,0.09576,1.37002
0.08508,0.09576,1.37002
0.08508,0.09576,1.37002
0.08508,0.09576,1.37002
0.08508,0.09576,1.37002
0.08508,0.09576,1.37002
0.08508,0.09576,1.37002
0.08508,0.09576,1.37002
0.08508,0.09576,1.37002
0.08508,0.09576,1.37002
0.08508,0.09576,1.37002
0.08508,0.09576,1.37002
0.08508,0.09576,1.37002
0.08508,0.09576,1.37002
0.08508,0.09576,1.37002
0.08508,0.09576,1.37002
0.08508,0.09576,1.37002
0.08508,0.09576,1.37002
0.08508,0.09576,1.37002
0.08508,0.09576,1.37002
0.08508,0.09576,1.37002
0.08508,0.09576,1.37002
0.08508,0.09576,1.37002
0.08508,0.09576,1.37002
0.08508,0.09576,1.37002
0.08508,0.09576,1.37002
0.08508,0.09576,1.37002
0.08508,0.09576,1.37002
0.08508,0.09576,1.37002
0.08508,0.09576,1.37002
0.08508,0.09576,1.37002
0.08508,0.09576,1.37002
0.08508,0.09576,1.37002
0.08508,0.09576,1.37002
0.08508,0.09576,1.37002
0.08508,0.09576,1.37002
0.08508,0.09576,1.37002
0.08508,0.09576,1.37002
0.08508,0.09576,1.37002
0.08508,0.09576,1.37002
0.08508,0.09576,1.37002
0.08508,0.09576,1.37002
0.08508,0.09576,1.37002
0.08508,0.09576,1.37002
0.08508,0.09576,1.37002
0.08508,0.09576,1.37002
0.08508,0.09576,1.37002
0.08508,0.09576,1.37002
0.08508,0.09576,1.37002
0.08508,0.09576,1.37002
0.08508,0.09576,1.37002
0.08508,0.09576,1.37002
0.08508,0.09576,1.37002
0.08508,0.09576,1.37002
0.08508,0.09576,1.37002
0.08508,0.09576,1.37002
0.08508,0.09576,1.37002
0.08508,0.09576,1.37002
0.08508,0.09576,1.37002
0.08508,0.09576,1.37002
0.08508,0.09576,1.37002
0.08508,0.09576,1.37002
0.08508,0.09576,1.37002
0.08508,0.09576,1.37002
0.08508,0.09576,1.37002
0.08508,0.09576,1.37002
0.08508,0.09576,1.37002
0.08508,0.09576,1.37002
0.08508,0.09576,1.37002
0.08508,0.09576,1.37002
0.08508,0.09576,1.37002
0.08508,0.09576,1.37002
0.08508,0.09576,1.37002
0.08508,0.09576,1.37002
0.08508,0.09576,1.37002
0.08508,0.09576,1.37002
0.08508,0.09576,1.37002
0.08508,0.09576,1.37002
0.08508,0.09576,1.37002
0.08508,0.09576,1.37002
0.08508,0.09576,1.37002
0.08508,0.09576,1.37002
0.08508,0.09576,1.37002
0.08508,0.09576,1.37002
0.08508,0.09576,1.37002
0.08508,0.09576,1.37002
0.08508,0.09576,1.37002
0.08508,0.09576,1.37002
0.08508,0.09576,1.37002
0.08508,0.09576,1.37002
0.08508,0.09576,1.37002
0.08508,0.09576,1.37002
0.08508,0.09576,1.37002
0.08508,0.09576,1.37002
0.08508,0.09576,1.37002
0.08508,0.09576,1.37002
0.08508,0.09576,1.37002
0.08508,0.09576,1.37002
0.08508,0.09576,1.37002
0.08508,0.09576,1.37002
0.08508,0.09576,1.37002
0.08508,0.09576,1.37002
0.08508,0.09576,1.37002
0.08508,0.09576,1.37002
0.08508,0.09576,1.37002
0.08508,0.09576,1.37002
0.08508,0.09576,1.37002
0.08508,0.09576,1.37002
0.08508,0.09576,1.37002
0.08508,0.09576,1.37002
0.08508,0.09576,1.37002
0.08508,0.09576,1.37002
0.08508,0.09576,1.37002
0.08508,0.09576,1.37002
0.08508,0.09576,1.37002
0.08508,0.09576,1.37002
0.08508,0.09576,1.37002
0.08508,0.09576,1.37002
0.08508,0.09576,1.37002
0.08508,0.09576,1.37002
0.08508,0.09576,1.37002
0.08508,0.09576,1.37002
0.08508,0.09576,1.37002
0.08508,0.09576,1.37002
0.08508,0.09576,1.37002
0.08508,0.09576,1.37002
0.08508,0.09576,1.37002
0.08508,0.09576,1.37002
0.08508,0.09576,1.37002
0.08508,0.09576,1.37002
0.08508,0.09576,1.37002
0.08508,0.09576,1.37002
0.08508,0.09576,1.37002
0.08508,0.09576,1.37002
0.08508,0.09576,1.37002
0.08508,0.09576,1.37002
0.08508,0.09576,1.37002
0.08508,0.09576,1.37002
0.08508,0.09576,1.37002
0.08508,0.09576,1.37002
0.08508,0.09576,1.37002
0.08508,0.09576,1.37002
0.08508,0.09576,1.37002
0.08508,0.09576,1.37002
0.08508,0.09576,1.37002
0.08508,0.09576,1.37002
0.08508,0.09576,1.37002
0.08508,0.09576,1.37002
0.08508,0.09576,1.37002
0.08508,0.09576,1.37002
0.08508,0.09576,1.37002
0.08508,0.09576,1.37002
0.08508,0.09576,1.37002
0.08508,0.09576,1.37002
0.08508,0.09576,1.37002
0.08508,0.09576,1.37002
0.08508,0.09576,1.37002
0.08508,0.09576,1.37002
0.08508,0.09576,1.37002
0.08508,0.09576,1.37002
0.08508,0.09576,1.37002
0.08508,0.09576,1.37002
0.08508,0.09576,1.37002
0.08508,0.09576,1.37002
0.08508,0.09576,1.37002
0.08508,0.09576,1.37002
0.08508,0.09576,1.37002
0.08508,0.09576,1.37002
0.08508,0.09576,1.37002
0.08508,0.09576,1.37002
0.08508,0.09576,1.37002
0.08508,0.09576,1.37002
0.08508,0.09576,1.37002
0.08508,0.09576,1.37002
0.08508,0.09576,1.37002
0.08508,0.09576,1.37002
0.08508,0.09576,1.37002
0.08508,0.09576,1.37002
0.08508,0.09576,1.37002
0.08508,0.09576,1.37002
0.08508,0.09576,1.37002
0.08508,0.09576,1.37002
0.08508,0.09576,1.37002
0.08508,0.09576,1.37002
0.08508,0.09576,1.37002
0.08508,0.09576,1.37002
0.08508,0.09576,1.37002
0.08508,0.09576,1.37002
0.08508,0.09576,1.37002
0.08508,0.09576,1.37002
0.08508,0.09576,1.37002
0.08508,0.09576,1.37002
0.08508,0.09576,1.37002
0.08508,0.09576,1.37002
0.08508,0.09576,1.37002
0.08508,0.09576,1.37002
0.08508,0.09576,1.37002
0.08508,0.09576,1.37002
0.08508,0.09576,1.37002
0.08508,0.09576,1.37002
0.08508,0.09576,1.37002
0.08508,0.09576,1.37002
0.08508,0.09576,1.37002
0.08508,0.09576,1.37002
0.08508,0.09576,1.37002
0.08508,0.09576,1.37002
0.08508,0.09576,1.37002
0.08508,0.09576,1.37002
0.08508,0.09576,1.37002
0.08508,0.09576,1.37002
0.08508,0.09576,1.37002
0.08508,0.09576,1.37002
0.08508,0.09576,1.37002
0.08508,0.09576,1.37002
0.08508,0.09576,1.37002
0.08508,0.09576,1.37002
0.08508,0.09576,1.37002
0.08508,0.09576,1.37002
0.08508,0.09576,1.37002
0.08508,0.09576,1.37002
0.08508,0.09576,1.37002
0.08508,0.09576,1.37002
0.08508,0.09576,1.37002
0.08508,0.09576,1.37002
0.08508,0.09576,1.37002
0.08508,0.09576,1.37002
0.08508,0.09576,1.37002
0.08508,0.09576,1.37002
0.08508,0.09576,1.37002
0.08508,0.09576,1.37002
0.08508,0.09576,1.37002
0.08508,0.09576,1.37002
0.08508,0.09576,1.37002
0.08508,0.09576,1.37002
0.08508,0.09576,1.37002
0.08508,0.09576,1.37002
0.08508,0.09576,1.37002
0.08508,0.09576,1.37002
0.08508,0.09576,1.37002
0.08508,0.09576,1.37002
0.08508,0.09576,1.37002
0.08508,0.09576,1.37002
0.08508,0.09576,1.37002
0.08508,0.09576,1.37002
0.08508,0.09576,1.37002
0.08508,0.09576,1.37002
0.08508,0.09576,1.37002
0.08508,0.09576,1.37002
0.08508,0.09576,1.37002
0.08508,0.09576,1.37002
0.08508,0.09576,1.37002
0.08508,0.09576,1.37002
0.08508,0.09576,1.37002
0.08508,0.09576,1.37002
0.08508,0.09576,1.37002
0.08508,0.09576,1.37002
0.08508,0.09576,1.37002
0.08508,0.09576,1.37002
0.08508,0.09576,1.37002
0.08508,0.09576,1.37002
0.08508,0.09576,1.37002
0.08508,0.09576,1.37002
0.08508,0.09576,1.37002
0.08508,0.09576,1.37002
0.08508,0.09576,1.37002
0.08508,0.09576,1.37002
0.08508,0.09576,1.37002
0.08508,0.09576,1.37002
0.08508,0.09576,1.37002
0.08508,0.09576,1.37002
0.08508,0.09576,1.37002
0.08508,0.09576,1.37002
0.08508,0.09576,1.37002
0.08508,0.09576,1.37002
0.08508,0.09576,1.37002
0.08508,0.09576,1.37002
0.08508,0.09576,1.37002
0.08508,0.09576,1.37002
0.08508,0.09576,1.37002
0.08508,0.09576,1.37002
0.08508,0.09576,1.37002
0.08508,0.09576,1.37002
0.08508,0.09576,1.37002
0.08508,0.09576,1.37002
0.08508,0.09576,1.37002
0.08508,0.09576,1.37002
0.08508,0.09576,1.37002
0.08508,0.09576,1.37002
0.08508,0.09576,1.37002
0.08508,0.09576,1.37002
0.08508,0.09576,1.37002
0.08508,0.09576,1.37002
0.08508,0.09576,1.37002
0.08508,0.09576,1.37002
0.08508,0.09576,1.37002
0.08508,0.09576,1.37002
0.08508,0.09576,1.37002
0.08508,0.09576,1.37002
0.08508,0.09576,1.37002
0.08508,0.09576,1.37002
0.08508,0.09576,1.37002
0.08508,0.09576,1.37002
0.08508,0.09576,1.37002
0.08508,0.09576,1.37002
0.08508,0.09576,1.37002
0.08508,0.09576,1.37002
0.08508,0.09576,1.37002
0.08508,0.09576,1.37002
0.08508,0.09576,1.37002
0.08508,0.09576,1.37002
0.08508,0.09576,1.37002
0.08508,0.09576,1.37002
0.08508,0.09576,1.37002
0.08508,0.09576,1.37002
0.08508,0.09576,1.37002
0.08508,0.09576,1.37002
0.08508,0.09576,1.37002
0.08508,0.09576,1.37002
0.08508,0.09576,1.37002
0.08508,0.09576,1.37002
0.08508,0.09576,1.37002
0.08508,0.09576,1.37002
0.08508,0.09576,1.37002
0.08508,0.09576,1.37002
0.08508,0.09576,1.37002
0.08508,0.09576,1.37002
0.08508,0.09576,1.37002
0.08508,0.09576,1.37002
0.08508,0.09576,1.37002
0.08508,0.09576,1.37002
0.08508,0.09576,1.37002
0.08508,0.09576,1.37002
0.08508,0.09576,1.37002
0.08508,0.09576,1.37002
0.08508,0.09576,1.37002
0.08508,0.09576,1.37002
0.08508,0.09576,1.37002
0.08508,0.09576,1.37002
0.08508,0.09576,1.37002
0.08508,0.09576,1.37002
0.08508,0.09576,1.37002
0.08508,0.09576,1.37002
0.08508,0.09576,1.37002
0.08508,0.09576,1.37002
0.08508,0.09576,1.37002
0.08508,0.09576,1.37002
0.08508,0.09576,1.37002
0.08508,0.09576,1.37002
0.08508,0.09576,1.37002
0.08508,0.09576,1.37002
0.08508,0.09576,1.37002
0.08508,0.09576,1.37002
0.08508,0.09576,1.37002
0.08508,0.09576,1.37002
0.08508,0.09576,1.37002
0.08508,0.09576,1.37002
0.08508,0.09576,1.37002
0.08508,0.09576,1.37002
0.08508,0.09576,1.37002
0.08508,0.09576,1.37002
0.08508,0.09576,1.37002
0.08508,0.09576,1.37002
0.08508,0.09576,1.37002
0.08508,0.09576,1.37002
0.08508,0.09576,1.37002
0.08508,0.09576,1.37002
0.08508,0.09576,1.37002
0.08508,0.09576,1.37002
0.08508,0.09576,1.37002
0.08508,0.09576,1.37002
0.08508,0.09576,1.37002
0.08508,0.09576,1.37002
0.08508,0.09576,1.37002
0.08508,0.09576,1.37002
0.08508,0.09576,1.37002
0.08508,0.09576,1.37002
0.08508,0.09576,1.37002
0.08508,0.09576,1.37002
0.08508,0.09576,1.37002
0.08508,0.09576,1.37002
0.08508,0.09576,1.37002
0.08508,0.09576,1.37002
0.08508,0.09576,1.37002
0.08508,0.09576,1.37002
0.08508,0.09576,1.37002
0.08508,0.09576,1.37002
0.08508,0.09576,1.37002
0.08508,0.09576,1.37002
0.08508,0.09576,1.37002
0.08508,0.09576,1.37002
0.08508,0.09576,1.37002
0.08508,0.09576,1.37002
0.08508,0.09576,1.37002
0.08508,0.09576,1.37002
0.08508,0.09576,1.37002
0.08508,0.09576,1.37002
0.08508,0.09576,1.37002
0.08508,0.09576,1.37002
0.08508,0.09576,1.37002
0.08508,0.09576,1.37002
0.08508,0.09576,1.37002
0.08508,0.09576,1.37002
0.08508,0.09576,1.37002
0.08508,0.09576,1.37002
0.08508,0.09576,1.37002
0.08508,0.09576,1.37002
0.08508,0.09576,1.37002
0.08508,0.09576,1.37002
0.08508,0.09576,1.37002
0.08508,0.09576,1.37002
0.08508,0.09576,1.37002
0.08508,0.09576,1.37002
0.08508,0.09576,1.37002
0.08508,0.09576,1.37002
0.08508,0.09576,1.37002
0.08508,0.09576,1.37002
0.08508,0.09576,1.37002
0.08508,0.09576,1.37002
0.08508,0.09576,1.37002
0.08508,0.09576,1.37002
0.08508,0.09576,1.37002
0.08508,0.09576,1.37002
0.08508,0.09576,1.37002
0.08508,0.09576,1.37002
0.08508,0.09576,1.37002
0.08508,0.09576,1.37002
0.08508,0.09576,1.37002
0.08508,0.09576,1.37002
0.08508,0.09576,1.37002
0.08508,0.09576,1.37002
0.08508,0.09576,1.37002
0.08508,0.09576,1.37002
0.08508,0.09576,1.37002
0.08508,0.09576,1.37002
0.08508,0.09576,1.37002
0.08508,0.09576,1.37002
0.08508,0.09576,1.37002
0.08508,0.09576,1.37002
0.08508,0.09576,1.37002
0.08508,0.09576,1.37002
0.08508,0.09576,1.37002
0.08508,0.09576,1.37002
0.08508,0.09576,1.37002
0.08508,0.09576,1.37002
0.08508,0.09576,1.37002
0.08508,0.09576,1.37002
0.08508,0.09576,1.37002
0.08508,0.09576,1.37002
0.08508,0.09576,1.37002
0.08508,0.09576,1.37002
0.08508,0.09576,1.37002
0.08508,0.09576,1.37002
0.08508,0.09576,1.37002
0.08508,0.09576,1.37002
0.08508,0.09576,1.37002
0.08508,0.09576,1.37002
0.08508,0.09576,1.37002
0.08508,0.09576,1.37002
0.08508,0.09576,1.37002
0.08508,0.09576,1.37002
0.08508,0.09576,1.37002
0.08508,0.09576,1.37002
0.08508,0.09576,1.37002
0.08508,0.09576,1.37002
0.08508,0.09576,1.37002
0.08508,0.09576,1.37002
0.08508,0.09576,1.37002
0.08508,0.09576,1.37002
0.08508,0.09576,1.37002
0.08508,0.09576,1.37002
0.08508,0.09576,1.37002
0.08508,0.09576,1.37002
0.08508,0.09576,1.37002
0.08508,0.09576,1.37002
0.08508,0.09576,1.37002
0.08508,0.09576,1.37002
0.08508,0.09576,1.37002
0.08508,0.09576,1.37002
0.08508,0.09576,1.37002
0.08508,0.09576,1.37002
0.08508,0.09576,1.37002
0.08508,0.09576,1.37002
0.08508,0.09576,1.37002
0.08508,0.09576,1.37002
0.08508,0.09576,1.37002
0.08508,0.09576,1.37002
0.08508,0.09576,1.37002
0.08508,0.09576,1.37002
0.08508,0.09576,1.37002
0.08508,0.09576,1.37002
0.08508,0.09576,1.37002
0.08508,0.09576,1.37002
0.08508,0.09576,1.37002
0.08508,0.09576,1.37002
0.08508,0.09576,1.37002
0.08508,0.09576,1.37002
0.08508,0.09576,1.37002
0.08508,0.09576,1.37002
0.08508,0.09576,1.37002
0.08508,0.09576,1.37002
0.08508,0.09576,1.37002
0.08508,0.09576,1.37002
0.08508,0.09576,1.37002
0.08508,0.09576,1.37002
0.08508,0.09576,1.37002
0.08508,0.09576,1.37002
0.08508,0.09576,1.37002
0.08508,0.09576,1.37002
0.08508,0.09576,1.37002
0.08508,0.09576,1.37002
0.08508,0.09576,1.37002
0.08508,0.09576,1.37002
0.08508,0.09576,1.37002
0.08508,0.09576,1.37002
0.08508,0.09576,1.37002
0.08508,0.09576,1.37002
0.08508,0.09576,1.37002
0.08508,0.09576,1.37002
0.08508,0.09576,1.37002
0.08508,0.09576,1.37002
0.08508,0.09576,1.37002
0.08508,0.09576,1.37002
0.08508,0.09576,1.37002
0.08508,0.09576,1.37002
0.08508,0.09576,1.37002
0.08508,0.09576,1.37002
0.08508,0.09576,1.37002
0.08508,0.09576,1.37002
0.08508,0.09576,1.37002
0.08508,0.09576,1.37002
0.08508,0.09576,1.37002
0.08508,0.09576,1.37002
0.08508,0.09576,1.37002
0.08508,0.09576,1.37002
0.08508,0.09576,1.37002
0.08508,0.09576,1.37002
0.08508,0.09576,1.37002
0.08508,0.09576,1.37002
0.08508,0.09576,1.37002
0.08508,0.09576,1.37002
0.08508,0.09576,1.37002
0.08508,0.09576,1.37002
0.08508,0.09576,1.37002
0.08508,0.09576,1.37002
0.08508,0.09576,1.37002
0.08508,0.09576,1.37002
0.08508,0.09576,1.37002
0.08508,0.09576,1.37002
0.08508,0.09576,1.37002
0.08508,0.09576,1.37002
0.08508,0.09576,1.37002
0.08508,0.09576,1.37002
0.08508,0.09576,1.37002
0.08508,0.09576,1.37002
0.08508,0.09576,1.37002
0.08508,0.09576,1.37002
0.08508,0.09576,1.37002
0.08508,0.09576,1.37002
0.08508,0.09576,1.37002
0.08508,0.09576,1.37002
0.08508,0.09576,1.37002
0.08508,0.09576,1.37002
0.08508,0.09576,1.37002
0.08508,0.09576,1.37002
0.08508,0.09576,1.37002
0.08508,0.09576,1.37002
0.08508,0.09576,1.37002
0.08508,0.09576,1.37002
0.08508,0.09576,1.37002
0.08508,0.09576,1.37002
0.08508,0.09576,1.37002
0.08508,0.09576,1.37002
0.08508,0.09576,1.37002
0.08508,0.09576,1.37002
0.08508,0.09576,1.37002
0.08508,0.09576,1.37002
0.08508,0.09576,1.37002
0.08508,0.09576,1.37002
0.08508,0.09576,1.37002
0.08508,0.09576,1.37002
0.08508,0.09576,1.37002
0.08508,0.09576,1.37002
0.08508,0.09576,1.37002
0.08508,0.09576,1.37002
0.08508,0.09576,1.37002
0.08508,0.09576,1.37002
0.08508,0.09576,1.37002
0.08508,0.09576,1.37002
0.08508,0.09576,1.37002
0.08508,0.09576,1.37002
0.08508,0.09576,1.37002
0.08508,0.09576,1.37002
0.08508,0.09576,1.37002
0.08508,0.09576,1.37002
0.08508,0.09576,1.37002
0.08508,0.09576,1.37002
0.08508,0.09576,1.37002
0.08508,0.09576,1.37002
0.08508,0.09576,1.37002
0.08508,0.09576,1.37002
0.08508,0.09576,1.37002
0.08508,0.09576,1.37002
0.08508,0.09576,1.37002
0.08508,0.09576,1.37002
0.08508,0.09576,1.37002
0.08508,0.09576,1.37002
0.08508,0.09576,1.37002
0.08508,0.09576,1.37002
0.08508,0.09576,1.37002
0.08508,0.09576,1.37002
0.08508,0.09576,1.37002
0.08508,0.09576,1.37002
0.08508,0.09576,1.37002
0.08508,0.09576,1.37002
0.08508,0.09576,1.37002
0.08508,0.09576,1.37002
0.08508,0.09576,1.37002
0.08508,0.09576,1.37002
0.08508,0.09576,1.37002
0.08508,0.09576,1.37002
0.08508,0.09576,1.37002
0.08508,0.09576,1.37002
0.08508,0.09576,1.37002
0.08508,0.09576,1.37002
0.08508,0.09576,1.37002
0.08508,0.09576,1.37002
0.08508,0.09576,1.37002
0.08508,0.09576,1.37002
0.08508,0.09576,1.37002
0.08508,0.09576,1.37002
0.08508,0.09576,1.37002
0.08508,0.09576,1.37002
0.08508,0.09576,1.37002
0.08508,0.09576,1.37002
0.08508,0.09576,1.37002
0.08508,0.09576,1.37002
0.08508,0.09576,1.37002
0.08508,0.09576,1.37002
0.08508,0.09576,1.37002
0.08508,0.09576,1.37002
0.08508,0.09576,1.37002
0.08508,0.09576,1.37002
0.08508,0.09576,1.37002
0.08508,0.09576,1.37002
0.08508,0.09576,1.37002
0.08508,0.09576,1.37002
0.08508,0.09576,1.37002
0.08508,0.09576,1.37002
0.08508,0.09576,1.37002
0.08508,0.09576,1.37002
0.08508,0.09576,1.37002
0.08508,0.09576,1.37002
0.08508,0.09576,1.37002
0.08508,0.09576,1.37002
0.08508,0.09576,1.37002
0.08508,0.09576,1.37002
0.08508,0.09576,1.37002
0.08508,0.09576,1.37002
0.08508,0.09576,1.37002
0.08508,0.09576,1.37002
0.08508,0.09576,1.37002
0.08508,0.09576,1.37002
0.08508,0.09576,1.37002
0.08508,0.09576,1.37002
0.08508,0.09576,1.37002
0.08508,0.09576,1.37002
0.08508,0.09576,1.37002
0.08508,0.09576,1.37002
0.08508,0.09576,1.37002
0.08508,0.09576,1.37002
0.08508,0.09576,1.37002
0.08508,0.09576,1.37002
0.08508,0.09576,1.37002
0.08508,0.09576,1.37002
0.08508,0.09576,1.37002
0.08508,0.09576,1.37002
0.08508,0.09576,1.37002
0.08508,0.09576,1.37002
0.08508,0.09576,1.37002
0.08508,0.09576,1.37002
0.08508,0.09576,1.37002
0.08508,0.09576,1.37002
0.08508,0.09576,1.37002
0.08508,0.09576,1.37002
0.08508,0.09576,1.37002
0.08508,0.09576,1.37002
0.08508,0.09576,1.37002
0.08508,0.09576,1.37002
0.08508,0.09576,1.37002
0.08508,0.09576,1.37002
0.08508,0.09576,1.37002
0.08508,0.09576,1.37002
0.08508,0.09576,1.37002
0.08508,0.09576,1.37002
0.08508,0.09576,1.37002
0.08508,0.09576,1.37002
0.08508,0.09576,1.37002
0.08508,0.09576,1.37002
0.08508,0.09576,1.37002
0.08508,0.09576,1.37002
0.08508,0.09576,1.37002
0.08508,0.09576,1.37002
0.08508,0.09576,1.37002
0.08508,0.09576,1.37002
0.08508,0.09576,1.37002
0.08508,0.09576,1.37002
0.08508,0.09576,1.37002
0.08508,0.09576,1.37002
0.08508,0.09576,1.37002
0.08508,0.09576,1.37002
0.08508,0.09576,1.37002
0.08508,0.09576,1.37002
0.08508,0.09576,1.37002
0.08508,0.09576,1.37002
0.08508,0.09576,1.37002
0.08508,0.09576,1.37002
0.08508,0.09576,1.37002
0.08508,0.09576,1.37002
0.08508,0.09576,1.37002
0.08508,0.09576,1.37002
0.08508,0.09576,1.37002
0.08508,0.09576,1.37002
0.08508,0.09576,1.37002
0.08508,0.09576,1.37002
0.08508,0.09576,1.37002
0.08508,0.09576,1.37002
0.08508,0.09576,1.37002
0.08508,0.09576,1.37002
0.08508,0.09576,1.37002
0.08508,0.09576,1.37002
0.08508,0.09576,1.37002
0.08508,0.09576,1.37002
0.08508,0.09576,1.37002
0.08508,0.09576,1.37002
0.08508,0.09576,1.37002
0.08508,0.09576,1.37002
0.08508,0.09576,1.37002
0.08508,0.09576,1.37002
0.08508,0.09576,1.37002
0.08508,0.09576,1.37002
0.08508,0.09576,1.37002
0.08508,0.09576,1.37002
0.08508,0.09576,1.37002
0.08508,0.09576,1.37002
0.08508,0.09576,1.37002
0.08508,0.09576,1.37002
0.08508,0.09576,1.37002
0.08508,0.09576,1.37002
0.08508,0.09576,1.37002
0.08508,0.09576,1.37002
0.08508,0.09576,1.37002
0.08508,0.09576,1.37002
0.08508,0.09576,1.37002
0.08508,0.09576,1.37002
0.08508,0.09576,1.37002
0.08508,0.09576,1.37002
0.08508,0.09576,1.37002
0.08508,0.09576,1.37002
0.08508,0.09576,1.37002
0.08508,0.09576,1.37002
0.08508,0.09576,1.37002
0.08508,0.09576,1.37002
0.08508,0.09576,1.37002
0.08508,0.09576,1.37002
0.08508,0.09576,1.37002
0.08508,0.09576,1.37002
0.08508,0.09576,1.37002
0.08508,0.09576,1.37002
0.08508,0.09576,1.37002
0.08508,0.09576,1.37002
0.08508,0.09576,1.37002
0.08508,0.09576,1.37002
0.08508,0.09576,1.37002
0.08508,0.09576,1.37002
0.08508,0.09576,1.37002
0.08508,0.09576,1.37002
0.08508,0.09576,1.37002
0.08508,0.09576,1.37002
0.08508,0.09576,1.37002
0.08508,0.09576,1.37002
0.08508,0.09576,1.37002
0.08508,0.09576,1.37002
0.08508,0.09576,1.37002
0.08508,0.09576,1.37002
0.08508,0.09576,1.37002
0.08508,0.09576,1.37002
0.08508,0.09576,1.37002
0.08508,0.09576,1.37002
0.08508,0.09576,1.37002
0.08508,0.09576,1.37002
0.08508,0.09576,1.37002
0.08508,0.09576,1.37002
0.08508,0.09576,1.37002
0.08508,0.09576,1.37002
0.08508,0.09576,1.37002
0.08508,0.09576,1.37002
0.08508,0.09576,1.37002
0.08508,0.09576,1.37002
0.08508,0.09576,1.37002
0.08508,0.09576,1.37002
0.08508,0.09576,1.37002
0.08508,0.09576,1.37002
0.08508,0.09576,1.37002
0.08508,0.09576,1.37002
0.08508,0.09576,1.37002
0.08508,0.09576,1.37002
0.08508,0.09576,1.37002
0.08508,0.09576,1.37002
0.08508,0.09576,1.37002
0.08508,0.09576,1.37002
0.08508,0.09576,1.37002
0.08508,0.09576,1.37002
0.08508,0.09576,1.37002
0.08508,0.09576,1.37002
0.08508,0.09576,1.37002
0.08508,0.09576,1.37002
0.08508,0.09576,1.37002
0.08508,0.09576,1.37002
0.08508,0.09576,1.37002
0.08508,0.09576,1.37002
0.08508,0.09576,1.37002
0.08508,0.09576,1.37002
0.08508,0.09576,1.37002
0.08508,0.09576,1.37002
0.08508,0.09576,1.37002
0.08508,0.09576,1.37002
0.08508,0.09576,1.37002
0.08508,0.09576,1.37002
0.08508,0.09576,1.37002
0.08508,0.09576,1.37002
0.08508,0.09576,1.37002
0.08508,0.09576,1.37002
0.08508,0.09576,1.37002
0.08508,0.09576,1.37002
0.08508,0.09576,1.37002
0.08508,0.09576,1.37002
0.08508,0.09576,1.37002
0.08508,0.09576,1.37002
0.08508,0.09576,1.37002
0.08508,0.09576,1.37002
0.08508,0.09576,1.37002
0.08508,0.09576,1.37002
0.08508,0.09576,1.37002
0.08508,0.09576,1.37002
0.08508,0.09576,1.37002
0.08508,0.09576,1.37002
0.08508,0.09576,1.37002
0.08508,0.09576,1.37002
0.08508,0.09576,1.37002
0.08508,0.09576,1.37002
0.08508,0.09576,1.37002
0.08508,0.09576,1.37002
0.08508,0.09576,1.37002
0.08508,0.09576,1.37002
0.08508,0.09576,1.37002
0.08508,0.09576,1.37002
0.08508,0.09576,1.37002
0.08508,0.09576,1.37002
0.08508,0.09576,1.37002
0.08508,0.09576,1.37002
0.08508,0.09576,1.37002
0.08508,0.09576,1.37002
0.08508,0.09576,1.37002
0.08508,0.09576,1.37002
0.08508,0.09576,1.37002
0.08508,0.09576,1.37002
0.08508,0.09576,1.37002
0.08508,0.09576,1.37002
0.08508,0.09576,1.37002
0.08508,0.09576,1.37002
0.08508,0.09576,1.37002
0.08508,0.09576,1.37002
0.08508,0.09576,1.37002
0.08508,0.09576,1.37002
0.08508,0.09576,1.37002
0.08508,0.09576,1.37002
0.08508,0.09576,1.37002
0.08508,0.09576,1.37002
0.08508,0.09576,1.37002
0.08508,0.09576,1.37002
0.08508,0.09576,1.37002
0.08508,0.09576,1.37002
0.08508,0.09576,1.37002
0.08508,0.09576,1.37002
0.08508,0.09576,1.37002
0.08508,0.09576,1.37002
0.08508,0.09576,1.37002
0.08508,0.09576,1.37002
0.08508,0.09576,1.37002
0.08508,0.09576,1.37002
0.08508,0.09576,1.37002
0.08508,0.09576,1.37002
0.08508,0.09576,1.37002
0.08508,0.09576,1.37002
0.08508,0.09576,1.37002
0.08508,0.09576,1.37002
0.08508,0.09576,1.37002
0.08508,0.09576,1.37002
0.08508,0.09576,1.37002
0.08508,0.09576,1.37002
0.08508,0.09576,1.37002
0.08508,0.09576,1.37002
0.08508,0.09576,1.37002
0.08508,0.09576,1.37002
0.08508,0.09576,1.37002
0.08508,0.09576,1.37002
0.08508,0.09576,1.37002
0.08508,0.09576,1.37002
0.08508,0.09576,1.37002
0.08508,0.09576,1.37002
0.08508,0.09576,1.37002
0.08508,0.09576,1.37002
0.08508,0.09576,1.37002
0.08508,0.09576,1.37002
0.08508,0.09576,1.37002
0.08508,0.09576,1.37002
0.08508,0.09576,1.37002
0.08508,0.09576,1.37002
0.08508,0.09576,1.37002
0.08508,0.09576,1.37002
0.08508,0.09576,1.37002
0.08508,0.09576,1.37002
0.08508,0.09576,1.37002
0.08508,0.09576,1.37002
0.08508,0.09576,1.37002
0.08508,0.09576,1.37002
0.08508,0.09576,1.37002
0.08508,0.09576,1.37002
0.08508,0.09576,1.37002
0.08508,0.09576,1.37002
0.08508,0.09576,1.37002
0.08508,0.09576,1.37002
0.08508,0.09576,1.37002
0.08508,0.09576,1.37002
0.08508,0.09576,1.37002
0.08508,0.09576,1.37002
0.08508,0.09576,1.37002
0.08508,0.09576,1.37002
0.08508,0.09576,1.37002
0.08508,0.09576,1.37002
0.08508,0.09576,1.37002
0.08508,0.09576,1.37002
0.08508,0.09576,1.37002
0.08508,0.09576,1.37002
0.08508,0.09576,1.37002
0.08508,0.09576,1.37002
0.08508,0.09576,1.37002
0.08508,0.09576,1.37002
0.08508,0.09576,1.37002
0.08508,0.09576,1.37002
0.08508,0.09576,1.37002
0.08508,0.09576,1.37002
0.08508,0.09576,1.37002
0.08508,0.09576,1.37002
0.08508,0.09576,1.37002
0.08508,0.09576,1.37002
0.08508,0.09576,1.37002
0.08508,0.09576,1.37002
0.08508,0.09576,1.37002
0.08508,0.09576,1.37002
0.08508,0.09576,1.37002
0.08508,0.09576,1.37002
0.08508,0.09576,1.37002
0.08508,0.09576,1.37002
0.08508,0.09576,1.37002
0.08508,0.09576,1.37002
0.08508,0.09576,1.37002
0.08508,0.09576,1.37002
0.08508,0.09576,1.37002
0.08508,0.09576,1.37002
0.08508,0.09576,1.37002
0.08508,0.09576,1.37002
0.08508,0.09576,1.37002
0.08508,0.09576,1.37002
0.08508,0.09576,1.37002
0.08508,0.09576,1.37002
0.08508,0.09576,1.37002
0.08508,0.09576,1.37002
0.08508,0.09576,1.37002
0.08508,0.09576,1.37002
0.08508,0.09576,1.37002
0.08508,0.09576,1.37002
0.08508,0.09576,1.37002
0.08508,0.09576,1.37002
0.08508,0.09576,1.37002
0.08508,0.09576,1.37002
0.08508,0.09576,1.37002
0.08508,0.09576,1.37002
0.08508,0.09576,1.37002
0.08508,0.09576,1.37002
0.08508,0.09576,1.37002
0.08508,0.09576,1.37002
0.08508,0.09576,1.37002
0.08508,0.09576,1.37002
0.08508,0.09576,1.37002
0.08508,0.09576,1.37002
0.08508,0.09576,1.37002
0.08508,0.09576,1.37002
0.08508,0.09576,1.37002
0.08508,0.09576,1.37002
0.08508,0.09576,1.37002
0.08508,0.09576,1.37002
0.08508,0.09576,1.37002
0.08508,0.09576,1.37002
0.08508,0.09576,1.37002
0.08508,0.09576,1.37002
0.08508,0.09576,1.37002
0.08508,0.09576,1.37002
0.08508,0.09576,1.37002
0.08508,0.09576,1.37002
0.08508,0.09576,1.37002
0.08508,0.09576,1.37002
0.08508,0.09576,1.37002
0.08508,0.09576,1.37002
0.08508,0.09576,1.37002
0.08508,0.09576,1.37002
0.08508,0.09576,1.37002
0.08508,0.09576,1.37002
0.08508,0.09576,1.37002
0.08508,0.09576,1.37002
0.08508,0.09576,1.37002
0.08508,0.09576,1.37002
0.08508,0.09576,1.37002
0.08508,0.09576,1.37002
0.08508,0.09576,1.37002
0.08508,0.09576,1.37002
0.08508,0.09576,1.37002
0.08508,0.09576,1.37002
0.08508,0.09576,1.37002
0.08508,0.09576,1.37002
0.08508,0.09576,1.37002
0.08508,0.09576,1.37002
0.08508,0.09576,1.37002
0.08508,0.09576,1.37002
0.08508,0.09576,1.37002
0.08508,0.09576,1.37002
0.08508,0.09576,1.37002
0.08508,0.09576,1.37002
0.08508,0.09576,1.37002
0.08508,0.09576,1.37002
0.08508,0.09576,1.37002
0.08508,0.09576,1.37002
0.08508,0.09576,1.37002
0.08508,0.09576,1.37002
0.08508,0.09576,1.37002
0.08508,0.09576,1.37002
0.08508,0.09576,1.37002
0.08508,0.09576,1.37002
0.08508,0.09576,1.37002
0.08508,0.09576,1.37002
0.08508,0.09576,1.37002
0.08508,0.09576,1.37002
0.08508,0.09576,1.37002
0.08508,0.09576,1.37002
0.08508,0.09576,1.37002
0.08508,0.09576,1.37002
0.08508,0.09576,1.37002
0.08508,0.09576,1.37002
0.08508,0.09576,1.37002
0.08508,0.09576,1.37002
0.08508,0.09576,1.37002
0.08508,0.09576,1.37002
0.08508,0.09576,1.37002
0.08508,0.09576,1.37002
0.08508,0.09576,1.37002
0.08508,0.09576,1.37002
0.08508,0.09576,1.37002
0.08508,0.09576,1.37002
0.08508,0.09576,1.37002
0.08508,0.09576,1.37002
0.08508,0.09576,1.37002
0.08508,0.09576,1.37002
0.08508,0.09576,1.37002
0.08508,0.09576,1.37002
0.08508,0.09576,1.37002
0.08508,0.09576,1.37002
0.08508,0.09576,1.37002
0.08508,0.09576,1.37002
0.08508,0.09576,1.37002
0.08508,0.09576,1.37002
0.08508,0.09576,1.37002
0.08508,0.09576,1.37002
0.08508,0.09576,1.37002
0.08508,0.09576,1.37002
0.08508,0.09576,1.37002
0.08508,0.09576,1.37002
0.08508,0.09576,1.37002
0.08508,0.09576,1.37002
0.08508,0.09576,1.37002
0.08508,0.09576,1.37002
0.08508,0.09576,1.37002
0.08508,0.09576,1.37002
0.08508,0.09576,1.37002
0.08508,0.09576,1.37002
0.08508,0.09576,1.37002
0.08508,0.09576,1.37002
0.08508,0.09576,1.37002
0.08508,0.09576,1.37002
0.08508,0.09576,1.37002
0.08508,0.09576,1.37002
0.08508,0.09576,1.37002
0.08508,0.09576,1.37002
0.08508,0.09576,1.37002
0.08508,0.09576,1.37002
0.08508,0.09576,1.37002
0.08508,0.09576,1.37002
0.08508,0.09576,1.37002
0.08508,0.09576,1.37002
0.08508,0.09576,1.37002
0.08508,0.09576,1.37002
0.08508,0.09576,1.37002
0.08508,0.09576,1.37002
0.08508,0.09576,1.37002
0.08508,0.09576,1.37002
0.08508,0.09576,1.37002
0.08508,0.09576,1.37002
0.08508,0.09576,1.37002
0.08508,0.09576,1.37002
0.08508,0.09576,1.37002
0.08508,0.09576,1.37002
0.08508,0.09576,1.37002
0.08508,0.09576,1.37002
0.08508,0.09576,1.37002
0.08508,0.09576,1.37002
0.08508,0.09576,1.37002
0.08508,0.09576,1.37002
0.08508,0.09576,1.37002
0.08508,0.09576,1.37002
0.08508,0.09576,1.37002
0.08508,0.09576,1.37002
0.08508,0.09576,1.37002
0.08508,0.09576,1.37002
0.08508,0.09576,1.37002
0.08508,0.09576,1.37002
0.08508,0.09576,1.37002
0.08508,0.09576,1.37002
0.08508,0.09576,1.37002
0.08508,0.09576,1.37002
0.08508,0.09576,1.37002
0.08508,0.09576,1.37002
0.08508,0.09576,1.37002
0.08508,0.09576,1.37002
0.08508,0.09576,1.37002
0.08508,0.09576,1.37002
0.08508,0.09576,1.37002
0.08508,0.09576,1.37002
0.08508,0.09576,1.37002
0.08508,0.09576,1.37002
0.08508,0.09576,1.37002
0.08508,0.09576,1.37002
0.08508,0.09576,1.37002
0.08508,0.09576,1.37002
0.08508,0.09576,1.37002
0.08508,0.09576,1.37002
0.08508,0.09576,1.37002
0.08508,0.09576,1.37002
0.08508,0.09576,1.37002
0.08508,0.09576,1.37002
0.08508,0.09576,1.37002
0.08508,0.09576,1.37002
0.08508,0.09576,1.37002
0.08508,0.09576,1.37002
0.08508,0.09576,1.37002
0.08508,0.09576,1.37002
0.08508,0.09576,1.37002
0.08508,0.09576,1.37002
0.08508,0.09576,1.37002
0.08508,0.09576,1.37002
0.08508,0.09576,1.37002
0.08508,0.09576,1.37002
0.08508,0.09576,1.37002
0.08508,0.09576,1.37002
0.08508,0.09576,1.37002
0.08508,0.09576,1.37002
0.08508,0.09576,1.37002
0.08508,0.09576,1.37002
0.08508,0.09576,1.37002
0.08508,0.09576,1.37002
0.08508,0.09576,1.37002
0.08508,0.09576,1.37002
0.08508,0.09576,1.37002
0.08508,0.09576,1.37002
0.08508,0.09576,1.37002
0.08508,0.09576,1.37002
0.08508,0.09576,1.37002
0.08508,0.09576,1.37002
0.08508,0.09576,1.37002
0.08508,0.09576,1.37002
0.08508,0.09576,1.37002
0.08508,0.09576,1.37002
0.08508,0.09576,1.37002
0.08508,0.09576,1.37002
0.08508,0.09576,1.37002
0.08508,0.09576,1.37002
0.08508,0.09576,1.37002
0.08508,0.09576,1.37002
0.08508,0.09576,1.37002
0.08508,0.09576,1.37002
0.08508,0.09576,1.37002
0.08508,0.09576,1.37002
0.08508,0.09576,1.37002
0.08508,0.09576,1.37002
0.08508,0.09576,1.37002
0.08508,0.09576,1.37002
0.08508,0.09576,1.37002
0.08508,0.09576,1.37002
0.08508,0.09576,1.37002
0.08508,0.09576,1.37002
0.08508,0.09576,1.37002
0.08508,0.09576,1.37002
0.08508,0.09576,1.37002
0.08508,0.09576,1.37002
0.08508,0.09576,1.37002
0.08508,0.09576,1.37002
0.08508,0.09576,1.37002
0.08508,0.09576,1.37002
0.08508,0.09576,1.37002
0.08508,0.09576,1.37002
0.08508,0.09576,1.37002
0.08508,0.09576,1.37002
0.08508,0.09576,1.37002
0.08508,0.09576,1.37002
0.08508,0.09576,1.37002
0.08508,0.09576,1.37002
0.08508,0.09576,1.37002
0.08508,0.09576,1.37002
0.08508,0.09576,1.37002
0.08508,0.09576,1.37002
0.08508,0.09576,1.37002
0.08508,0.09576,1.37002
0.08508,0.09576,1.37002
0.08508,0.09576,1.37002
0.08508,0.09576,1.37002
0.08508,0.09576,1.37002
0.08508,0.09576,1.37002
0.08508,0.09576,1.37002
0.08508,0.09576,1.37002
0.08508,0.09576,1.37002
0.08508,0.09576,1.37002
0.08508,0.09576,1.37002
0.08508,0.09576,1.37002
0.08508,0.09576,1.37002
0.08508,0.09576,1.37002
0.08508,0.09576,1.37002
0.08508,0.09576,1.37002
0.08508,0.09576,1.37002
0.08508,0.09576,1.37002
0.08508,0.09576,1.37002
0.08508,0.09576,1.37002
0.08508,0.09576,1.37002
0.08508,0.09576,1.37002
0.08508,0.09576,1.37002
0.08508,0.09576,1.37002
0.08508,0.09576,1.37002
0.08508,0.09576,1.37002
0.08508,0.09576,1.37002
0.08508,0.09576,1.37002
0.08508,0.09576,1.37002
0.08508,0.09576,1.37002
0.08508,0.09576,1.37002
0.08508,0.09576,1.37002
0.08508,0.09576,1.37002
0.08508,0.09576,1.37002
0.08508,0.09576,1.37002
0.08508,0.09576,1.37002
0.08508,0.09576,1.37002
0.08508,0.09576,1.37002
0.08508,0.09576,1.37002
0.08508,0.09576,1.37002
0.08508,0.09576,1.37002
0.08508,0.09576,1.37002
0.08508,0.09576,1.37002
0.08508,0.09576,1.37002
0.08508,0.09576,1.37002
0.08508,0.09576,1.37002
0.08508,0.09576,1.37002
0.08508,0.09576,1.37002
0.08508,0.09576,1.37002
0.08508,0.09576,1.37002
0.08508,0.09576,1.37002
0.08508,0.09576,1.37002
0.08508,0.09576,1.37002
0.08508,0.09576,1.37002
0.08508,0.09576,1.37002
0.08508,0.09576,1.37002
0.08508,0.09576,1.37002
0.08508,0.09576,1.37002
0.08508,0.09576,1.37002
0.08508,0.09576,1.37002
0.08508,0.09576,1.37002
0.08508,0.09576,1.37002
0.08508,0.09576,1.37002
0.08508,0.09576,1.37002
0.08508,0.09576,1.37002
0.08508,0.09576,1.37002
0.08508,0.09576,1.37002
0.08508,0.09576,1.37002
0.08508,0.09576,1.37002
0.08508,0.09576,1.37002
0.08508,0.09576,1.37002
0.08508,0.09576,1.37002
0.08508,0.09576,1.37002
0.08508,0.09576,1.37002
0.08508,0.09576,1.37002
0.08508,0.09576,1.37002
0.08508,0.09576,1.37002
0.08508,0.09576,1.37002
0.08508,0.09576,1.37002
0.08508,0.09576,1.37002
0.08508,0.09576,1.37002
0.08508,0.09576,1.37002
0.08508,0.09576,1.37002
0.08508,0.09576,1.37002
0.08508,0.09576,1.37002
0.08508,0.09576,1.37002
0.08508,0.09576,1.37002
0.08508,0.09576,1.37002
0.08508,0.09576,1.37002
0.08508,0.09576,1.37002
0.08508,0.09576,1.37002
0.08508,0.09576,1.37002
0.08508,0.09576,1.37002
0.08508,0.09576,1.37002
0.08508,0.09576,1.37002
0.08508,0.09576,1.37002
0.08508,0.09576,1.37002
0.08508,0.09576,1.37002
0.08508,0.09576,1.37002
0.08508,0.09576,1.37002
0.08508,0.09576,1.37002
0.08508,0.09576,1.37002
0.08508,0.09576,1.37002
0.08508,0.09576,1.37002
0.08508,0.09576,1.37002
0.08508,0.09576,1.37002
0.08508,0.09576,1.37002
0.08508,0.09576,1.37002
0.08508,0.09576,1.37002
0.08508,0.09576,1.37002
0.08508,0.09576,1.37002
0.08508,0.09576,1.37002
0.08508,0.09576,1.37002
0.08508,0.09576,1.37002
0.08508,0.09576,1.37002
0.08508,0.09576,1.37002
0.08508,0.09576,1.37002
0.08508,0.09576,1.37002
0.08508,0.09576,1.37002
0.08508,0.09576,1.37002
0.08508,0.09576,1.37002
0.08508,0.09576,1.37002
0.08508,0.09576,1.37002
0.08508,0.09576,1.37002
0.08508,0.09576,1.37002
0.08508,0.09576,1.37002
0.08508,0.09576,1.37002
0.08508,0.09576,1.37002
0.08508,0.09576,1.37002
0.08508,0.09576,1.37002
0.08508,0.09576,1.37002
0.08508,0.09576,1.37002
0.08508,0.09576,1.37002
0.08508,0.09576,1.37002
0.08508,0.09576,1.37002
0.08508,0.09576,1.37002
0.08508,0.09576,1.37002
0.08508,0.09576,1.37002
0.08508,0.09576,1.37002
0.08508,0.09576,1.37002
0.08508,0.09576,1.37002
0.08508,0.09576,1.37002
0.08508,0.09576,1.37002
0.08508,0.09576,1.37002
0.08508,0.09576,1.37002
0.08508,0.09576,1.37002
0.08508,0.09576,1.37002
0.08508,0.09576,1.37002
0.08508,0.09576,1.37002
0.08508,0.09576,1.37002
0.08508,0.09576,1.37002
0.08508,0.09576,1.37002
0.08508,0.09576,1.37002
0.08508,0.09576,1.37002
0.08508,0.09576,1.37002
0.08508,0.09576,1.37002
0.08508,0.09576,1.37002
0.08508,0.09576,1.37002
0.08508,0.09576,1.37002
0.08508,0.09576,1.37002
0.08508,0.09576,1.37002
0.08508,0.09576,1.37002
0.08508,0.09576,1.37002
0.08508,0.09576,1.37002
0.08508,0.09576,1.37002
0.08508,0.09576,1.37002
0.08508,0.09576,1.37002
0.08508,0.09576,1.37002
0.08508,0.09576,1.37002
0.08508,0.09576,1.37002
0.08508,0.09576,1.37002
0.08508,0.09576,1.37002
0.08508,0.09576,1.37002
0.08508,0.09576,1.37002
0.08508,0.09576,1.37002
0.08508,0.09576,1.37002
0.08508,0.09576,1.37002
0.08508,0.09576,1.37002
0.08508,0.09576,1.37002
0.08508,0.09576,1.37002
0.08508,0.09576,1.37002
0.08508,0.09576,1.37002
0.08508,0.09576,1.37002
0.08508,0.09576,1.37002
0.08508,0.09576,1.37002
0.08508,0.09576,1.37002
0.08508,0.09576,1.37002
0.08508,0.09576,1.37002
0.08508,0.09576,1.37002
0.08508,0.09576,1.37002
0.08508,0.09576,1.37002
0.08508,0.09576,1.37002
0.08508,0.09576,1.37002
0.08508,0.09576,1.37002
0.08508,0.09576,1.37002
0.08508,0.09576,1.37002
0.08508,0.09576,1.37002
0.08508,0.09576,1.37002
0.08508,0.09576,1.37002
0.08508,0.09576,1.37002
0.08508,0.09576,1.37002
0.08508,0.09576,1.37002
0.08508,0.09576,1.37002
0.08508,0.09576,1.37002
0.08508,0.09576,1.37002
0.08508,0.09576,1.37002
0.08508,0.09576,1.37002
0.08508,0.09576,1.37002
0.08508,0.09576,1.37002
0.08508,0.09576,1.37002
0.08508,0.09576,1.37002
0.08508,0.09576,1.37002
0.08508,0.09576,1.37002
0.08508,0.09576,1.37002
0.08508,0.09576,1.37002
0.08508,0.09576,1.37002
0.08508,0.09576,1.37002
0.08508,0.09576,1.37002
0.08508,0.09576,1.37002
0.08508,0.09576,1.37002
0.08508,0.09576,1.37002
0.08508,0.09576,1.37002
0.08508,0.09576,1.37002
0.08508,0.09576,1.37002
0.08508,0.09576,1.37002
0.08508,0.09576,1.37002
0.08508,0.09576,1.37002
0.08508,0.09576,1.37002
0.08508,0.09576,1.37002
0.08508,0.09576,1.37002
0.08508,0.09576,1.37002
0.08508,0.09576,1.37002
0.08508,0.09576,1.37002
0.08508,0.09576,1.37002
0.08508,0.09576,1.37002
0.08508,0.09576,1.37002
0.08508,0.09576,1.37002
0.08508,0.09576,1.37002
0.08508,0.09576,1.37002
0.08508,0.09576,1.37002
0.08508,0.09576,1.37002
0.08508,0.09576,1.37002
0.08508,0.09576,1.37002
0.08508,0.09576,1.37002
0.08508,0.09576,1.37002
0.08508,0.09576,1.37002
0.08508,0.09576,1.37002
0.08508,0.09576,1.37002
0.08508,0.09576,1.37002
0.08508,0.09576,1.37002
0.08508,0.09576,1.37002
0.08508,0.09576,1.37002
0.08508,0.09576,1.37002
0.08508,0.09576,1.37002
0.08508,0.09576,1.37002
0.08508,0.09576,1.37002
0.08508,0.09576,1.37002
0.08508,0.09576,1.37002
0.08508,0.09576,1.37002
0.08508,0.09576,1.37002
0.08508,0.09576,1.37002
0.08508,0.09576,1.37002
0.08508,0.09576,1.37002
0.08508,0.09576,1.37002
0.08508,0.09576,1.37002
0.08508,0.09576,1.37002
0.08508,0.09576,1.37002
0.08508,0.09576,1.37002
0.08508,0.09576,1.37002
0.08508,0.09576,1.37002
0.08508,0.09576,1.37002
0.08508,0.09576,1.37002
0.08508,0.09576,1.37002
0.08508,0.09576,1.37002
0.08508,0.09576,1.37002
0.08508,0.09576,1.37002
0.08508,0.09576,1.37002
0.08508,0.09576,1.37002
0.08508,0.09576,1.37002
0.08508,0.09576,1.37002
0.08508,0.09576,1.37002
0.08508,0.09576,1.37002
0.08508,0.09576,1.37002
0.08508,0.09576,1.37002
0.08508,0.09576,1.37002
0.08508,0.09576,1.37002
0.08508,0.09576,1.37002
0.08508,0.09576,1.37002
0.08508,0.09576,1.37002
0.08508,0.09576,1.37002
0.08508,0.09576,1.37002
0.08508,0.09576,1.37002
0.08508,0.09576,1.37002
0.08508,0.09576,1.37002
0.08508,0.09576,1.37002
0.08508,0.09576,1.37002
0.08508,0.09576,1.37002
0.08508,0.09576,1.37002
0.08508,0.09576,1.37002
0.08508,0.09576,1.37002
0.08508,0.09576,1.37002
0.08508,0.09576,1.37002
0.08508,0.09576,1.37002
0.08508,0.09576,1.37002
0.08508,0.09576,1.37002
0.08508,0.09576,1.37002
0.08508,0.09576,1.37002
0.08508,0.09576,1.37002
0.08508,0.09576,1.37002
0.08508,0.09576,1.37002
0.08508,0.09576,1.37002
0.08508,0.09576,1.37002
0.08508,0.09576,1.37002
0.08508,0.09576,1.37002
0.08508,0.09576,1.37002
0.08508,0.09576,1.37002
0.08508,0.09576,1.37002
0.08508,0.09576,1.37002
0.08508,0.09576,1.37002
0.08508,0.09576,1.37002
0.08508,0.09576,1.37002
0.08508,0.09576,1.37002
0.08508,0.09576,1.37002
0.08508,0.09576,1.37002
0.08508,0.09576,1.37002
0.08508,0.09576,1.37002
0.08508,0.09576,1.37002
0.08508,0.09576,1.37002
0.08508,0.09576,1.37002
0.08508,0.09576,1.37002
0.08508,0.09576,1.37002
0.08508,0.09576,1.37002
0.08508,0.09576,1.37002
0.08508,0.09576,1.37002
0.08508,0.09576,1.37002
0.08508,0.09576,1.37002
0.08508,0.09576,1.37002
0.08508,0.09576,1.37002
0.08508,0.09576,1.37002
0.08508,0.09576,1.37002
0.08508,0.09576,1.37002
0.08508,0.09576,1.37002
0.08508,0.09576,1.37002
0.08508,0.09576,1.37002
0.08508,0.09576,1.37002
0.08508,0.09576,1.37002
0.08508,0.09576,1.37002
0.08508,0.09576,1.37002
0.08508,0.09576,1.37002
0.08508,0.09576,1.37002
0.08508,0.09576,1.37002
0.08508,0.09576,1.37002
0.08508,0.09576,1.37002
0.08508,0.09576,1.37002
0.08508,0.09576,1.37002
0.08508,0.09576,1.37002
0.08508,0.09576,1.37002
0.08508,0.09576,1.37002
0.08508,0.09576,1.37002
0.08508,0.09576,1.37002
0.08508,0.09576,1.37002
0.08508,0.09576,1.37002
0.08508,0.09576,1.37002
0.08508,0.09576,1.37002
0.08508,0.09576,1.37002
0.08508,0.09576,1.37002
0.08508,0.09576,1.37002
0.08508,0.09576,1.37002
0.08508,0.09576,1.37002
0.08508,0.09576,1.37002
0.08508,0.09576,1.37002
0.08508,0.09576,1.37002
0.08508,0.09576,1.37002
0.08508,0.09576,1.37002
0.08508,0.09576,1.37002
0.08508,0.09576,1.37002
0.08508,0.09576,1.37002
0.08508,0.09576,1.37002
0.08508,0.09576,1.37002
0.08508,0.09576,1.37002
0.08508,0.09576,1.37002
0.08508,0.09576,1.37002
0.08508,0.09576,1.37002
0.08508,0.09576,1.37002
0.08508,0.09576,1.37002
0.08508,0.09576,1.37002
0.08508,0.09576,1.37002
0.08508,0.09576,1.37002
0.08508,0.09576,1.37002
0.08508,0.09576,1.37002
0.08508,0.09576,1.37002
0.08508,0.09576,1.37002
0.08508,0.09576,1.37002
0.08508,0.09576,1.37002
0.08508,0.09576,1.37002
0.08508,0.09576,1.37002
0.08508,0.09576,1.37002
0.08508,0.09576,1.37002
0.08508,0.09576,1.37002
0.08508,0.09576,1.37002
0.08508,0.09576,1.37002
0.08508,0.09576,1.37002
0.08508,0.09576,1.37002
0.08508,0.09576,1.37002
0.08508,0.09576,1.37002
0.08508,0.09576,1.37002
0.08508,0.09576,1.37002
0.08508,0.09576,1.37002
0.08508,0.09576,1.37002
0.08508,0.09576,1.37002
0.08508,0.09576,1.37002
0.08508,0.09576,1.37002
0.08508,0.09576,1.37002
0.08508,0.09576,1.37002
0.08508,0.09576,1.37002
0.08508,0.09576,1.37002
0.08508,0.09576,1.37002
0.08508,0.09576,1.37002
0.08508,0.09576,1.37002
0.08508,0.09576,1.37002
0.08508,0.09576,1.37002
0.08508,0.09576,1.37002
0.08508,0.09576,1.37002
0.08508,0.09576,1.37002
0.08508,0.09576,1.37002
0.08508,0.09576,1.37002
0.08508,0.09576,1.37002
0.08508,0.09576,1.37002
0.08508,0.09576,1.37002
0.08508,0.09576,1.37002
0.08508,0.09576,1.37002
0.08508,0.09576,1.37002
0.08508,0.09576,1.37002
0.08508,0.09576,1.37002
0.08508,0.09576,1.37002
0.08508,0.09576,1.37002
0.08508,0.09576,1.37002
0.08508,0.09576,1.37002
0.08508,0.09576,1.37002
0.08508,0.09576,1.37002
0.08508,0.09576,1.37002
0.08508,0.09576,1.37002
0.08508,0.09576,1.37002
0.08508,0.09576,1.37002
0.08508,0.09576,1.37002
0.08508,0.09576,1.37002
0.08508,0.09576,1.37002
0.08508,0.09576,1.37002
0.08508,0.09576,1.37002
0.08508,0.09576,1.37002
0.08508,0.09576,1.37002
0.08508,0.09576,1.37002
0.08508,0.09576,1.37002
0.08508,0.09576,1.37002
0.08508,0.09576,1.37002
0.08508,0.09576,1.37002
0.08508,0.09576,1.37002
0.08508,0.09576,1.37002
0.08508,0.09576,1.37002
0.08508,0.09576,1.37002
0.08508,0.09576,1.37002
0.08508,0.09576,1.37002
0.08508,0.09576,1.37002
0.08508,0.09576,1.37002
0.08508,0.09576,1.37002
0.08508,0.09576,1.37002
0.08508,0.09576,1.37002
0.08508,0.09576,1.37002
0.08508,0.09576,1.37002
0.08508,0.09576,1.37002
0.08508,0.09576,1.37002
0.08508,0.09576,1.37002
0.08508,0.09576,1.37002
0.08508,0.09576,1.37002
0.08508,0.09576,1.37002
0.08508,0.09576,1.37002
0.08508,0.09576,1.37002
0.08508,0.09576,1.37002
0.08508,0.09576,1.37002
0.08508,0.09576,1.37002
0.08508,0.09576,1.37002
0.08508,0.09576,1.37002
0.08508,0.09576,1.37002
0.08508,0.09576,1.37002
0.08508,0.09576,1.37002
0.08508,0.09576,1.37002
0.08508,0.09576,1.37002
0.08508,0.09576,1.37002
0.08508,0.09576,1.37002
0.08508,0.09576,1.37002
0.08508,0.09576,1.37002
0.08508,0.09576,1.37002
0.08508,0.09576,1.37002
0.08508,0.09576,1.37002
0.08508,0.09576,1.37002
0.08508,0.09576,1.37002
0.08508,0.09576,1.37002
0.08508,0.09576,1.37002
0.08508,0.09576,1.37002
0.08508,0.09576,1.37002
0.08508,0.09576,1.37002
0.08508,0.09576,1.37002
0.08508,0.09576,1.37002
0.08508,0.09576,1.37002
0.08508,0.09576,1.37002
0.08508,0.09576,1.37002
0.08508,0.09576,1.37002
0.08508,0.09576,1.37002
0.08508,0.09576,1.37002
0.08508,0.09576,1.37002
0.08508,0.09576,1.37002
0.08508,0.09576,1.37002
0.08508,0.09576,1.37002
0.08508,0.09576,1.37002
0.08508,0.09576,1.37002
0.08508,0.09576,1.37002
0.08508,0.09576,1.37002
0.08508,0.09576,1.37002
0.08508,0.09576,1.37002
0.08508,0.09576,1.37002
0.08508,0.09576,1.37002
0.08508,0.09576,1.37002
0.08508,0.09576,1.37002
0.08508,0.09576,1.37002
0.08508,0.09576,1.37002
0.08508,0.09576,1.37002
0.08508,0.09576,1.37002
0.08508,0.09576,1.37002
0.08508,0.09576,1.37002
0.08508,0.09576,1.37002
0.08508,0.09576,1.37002
0.08508,0.09576,1.37002
0.08508,0.09576,1.37002
0.08508,0.09576,1.37002
0.08508,0.09576,1.37002
0.08508,0.09576,1.37002
0.08508,0.09576,1.37002
0.08508,0.09576,1.37002
0.08508,0.09576,1.37002
0.08508,0.09576,1.37002
0.08508,0.09576,1.37002
0.08508,0.09576,1.37002
0.08508,0.09576,1.37002
0.08508,0.09576,1.37002
0.08508,0.09576,1.37002
0.08508,0.09576,1.37002
0.08508,0.09576,1.37002
0.08508,0.09576,1.37002
0.08508,0.09576,1.37002
0.08508,0.09576,1.37002
0.08508,0.09576,1.37002
0.08508,0.09576,1.37002
0.08508,0.09576,1.37002
0.08508,0.09576,1.37002
0.08508,0.09576,1.37002
0.08508,0.09576,1.37002
0.08508,0.09576,1.37002
0.08508,0.09576,1.37002
0.08508,0.09576,1.37002
0.08508,0.09576,1.37002
0.08508,0.09576,1.37002
0.08508,0.09576,1.37002
0.08508,0.09576,1.37002
0.08508,0.09576,1.37002
0.08508,0.09576,1.37002
0.08508,0.09576,1.37002
0.08508,0.09576,1.37002
0.08508,0.09576,1.37002
0.08508,0.09576,1.37002
0.08508,0.09576,1.37002
0.08508,0.09576,1.37002
0.08508,0.09576,1.37002
0.08508,0.09576,1.37002
0.08508,0.09576,1.37002
0.08508,0.09576,1.37002
0.08508,0.09576,1.37002
0.08508,0.09576,1.37002
0.08508,0.09576,1.37002
0.08508,0.09576,1.37002
0.08508,0.09576,1.37002
0.08508,0.09576,1.37002
0.08508,0.09576,1.37002
0.08508,0.09576,1.37002
0.08508,0.09576,1.37002
0.08508,0.09576,1.37002
0.08508,0.09576,1.37002
0.08508,0.09576,1.37002
0.08508,0.09576,1.37002
0.08508,0.09576,1.37002
0.08508,0.09576,1.37002
0.08508,0.09576,1.37002
0.08508,0.09576,1.37002
0.08508,0.09576,1.37002
0.08508,0.09576,1.37002
0.08508,0.09576,1.37002
0.08508,0.09576,1.37002
0.08508,0.09576,1.37002
0.08508,0.09576,1.37002
0.08508,0.09576,1.37002
0.08508,0.09576,1.37002
0.08508,0.09576,1.37002
0.08508,0.09576,1.37002
0.08508,0.09576,1.37002
0.08508,0.09576,1.37002
0.08508,0.09576,1.37002
0.08508,0.09576,1.37002
0.08508,0.09576,1.37002
0.08508,0.09576,1.37002
0.08508,0.09576,1.37002
0.08508,0.09576,1.37002
0.08508,0.09576,1.37002
0.08508,0.09576,1.37002
0.08508,0.09576,1.37002
0.08508,0.09576,1.37002
0.08508,0.09576,1.37002
0.08508,0.09576,1.37002
0.08508,0.09576,1.37002
0.08508,0.09576,1.37002
0.08508,0.09576,1.37002
0.08508,0.09576,1.37002
0.08508,0.09576,1.37002
0.08508,0.09576,1.37002
0.08508,0.09576,1.37002
0.08508,0.09576,1.37002
0.08508,0.09576,1.37002
0.08508,0.09576,1.37002
0.08508,0.09576,1.37002
0.08508,0.09576,1.37002
0.08508,0.09576,1.37002
0.08508,0.09576,1.37002
0.08508,0.09576,1.37002
0.08508,0.09576,1.37002
0.08508,0.09576,1.37002
0.08508,0.09576,1.37002
0.08508,0.09576,1.37002
0.08508,0.09576,1.37002
0.08508,0.09576,1.37002
0.08508,0.09576,1.37002
0.08508,0.09576,1.37002
0.08508,0.09576,1.37002
0.08508,0.09576,1.37002
0.08508,0.09576,1.37002
0.08508,0.09576,1.37002
0.08508,0.09576,1.37002
0.08508,0.09576,1.37002
0.08508,0.09576,1.37002
0.08508,0.09576,1.37002
0.08508,0.09576,1.37002
0.08508,0.09576,1.37002
0.08508,0.09576,1.37002
0.08508,0.09576,1.37002
0.08508,0.09576,1.37002
0.08508,0.09576,1.37002
0.08508,0.09576,1.37002
0.08508,0.09576,1.37002
0.08508,0.09576,1.37002
0.08508,0.09576,1.37002
0.08508,0.09576,1.37002
0.08508,0.09576,1.37002
0.08508,0.09576,1.37002
0.08508,0.09576,1.37002
0.08508,0.09576,1.37002
0.08508,0.09576,1.37002
0.08508,0.09576,1.37002
0.08508,0.09576,1.37002
0.08508,0.09576,1.37002
0.08508,0.09576,1.37002
0.08508,0.09576,1.37002
0.08508,0.09576,1.37002
0.08508,0.09576,1.37002
0.08508,0.09576,1.37002
0.08508,0.09576,1.37002
0.08508,0.09576,1.37002
0.08508,0.09576,1.37002
0.08508,0.09576,1.37002
0.08508,0.09576,1.37002
0.08508,0.09576,1.37002
0.08508,0.09576,1.37002
0.08508,0.09576,1.37002
0.08508,0.09576,1.37002
0.08508,0.09576,1.37002
0.08508,0.09576,1.37002
0.08508,0.09576,1.37002
0.08508,0.09576,1.37002
0.08508,0.09576,1.37002
0.08508,0.09576,1.37002
0.08508,0.09576,1.37002
0.08508,0.09576,1.37002
0.08508,0.09576,1.37002
0.08508,0.09576,1.37002
0.08508,0.09576,1.37002
0.08508,0.09576,1.37002
0.08508,0.09576,1.37002
0.08508,0.09576,1.37002
0.08508,0.09576,1.37002
0.08508,0.09576,1.37002
0.08508,0.09576,1.37002
0.08508,0.09576,1.37002
0.08508,0.09576,1.37002
0.08508,0.09576,1.37002
0.08508,0.09576,1.37002
0.08508,0.09576,1.37002
0.08508,0.09576,1.37002
0.08508,0.09576,1.37002
0.08508,0.09576,1.37002
0.08508,0.09576,1.37002
0.08508,0.09576,1.37002
0.08508,0.09576,1.37002
0.08508,0.09576,1.37002
0.08508,0.09576,1.37002
0.08508,0.09576,1.37002
0.08508,0.09576,1.37002
0.08508,0.09576,1.37002
0.08508,0.09576,1.37002
0.08508,0.09576,1.37002
0.08508,0.09576,1.37002
0.08508,0.09576,1.37002
0.08508,0.09576,1.37002
0.08508,0.09576,1.37002
0.08508,0.09576,1.37002
0.08508,0.09576,1.37002
0.08508,0.09576,1.37002
0.08508,0.09576,1.37002
0.08508,0.09576,1.37002
0.08508,0.09576,1.37002
0.08508,0.09576,1.37002
0.08508,0.09576,1.37002
0.08508,0.09576,1.37002
0.08508,0.09576,1.37002
0.08508,0.09576,1.37002
0.08508,0.09576,1.37002
0.08508,0.09576,1.37002
0.08508,0.09576,1.37002
0.08508,0.09576,1.37002
0.08508,0.09576,1.37002
0.08508,0.09576,1.37002
0.08508,0.09576,1.37002
0.08508,0.09576,1.37002
0.08508,0.09576,1.37002
0.08508,0.09576,1.37002
0.08508,0.09576,1.37002
0.08508,0.09576,1.37002
0.08508,0.09576,1.37002
0.08508,0.09576,1.37002
0.08508,0.09576,1.37002
0.08508,0.09576,1.37002
0.08508,0.09576,1.37002
0.08508,0.09576,1.37002
0.08508,0.09576,1.37002
0.08508,0.09576,1.37002
0.08508,0.09576,1.37002
0.08508,0.09576,1.37002
0.08508,0.09576,1.37002
0.08508,0.09576,1.37002
0.08508,0.09576,1.37002
0.08508,0.09576,1.37002
0.08508,0.09576,1.37002
0.08508,0.09576,1.37002
0.08508,0.09576,1.37002
0.08508,0.09576,1.37002
0.08508,0.09576,1.37002
0.08508,0.09576,1.37002
0.08508,0.09576,1.37002
0.08508,0.09576,1.37002
0.08508,0.09576,1.37002
0.08508,0.09576,1.37002
0.08508,0.09576,1.37002
0.08508,0.09576,1.37002
0.08508,0.09576,1.37002
0.08508,0.09576,1.37002
0.08508,0.09576,1.37002
0.08508,0.09576,1.37002
0.08508,0.09576,1.37002
0.08508,0.09576,1.37002
0.08508,0.09576,1.37002
0.08508,0.09576,1.37002
0.08508,0.09576,1.37002
0.08508,0.09576,1.37002
0.08508,0.09576,1.37002
0.08508,0.09576,1.37002
0.08508,0.09576,1.37002
0.08508,0.09576,1.37002
0.08508,0.09576,1.37002
0.08508,0.09576,1.37002
0.08508,0.09576,1.37002
0.08508,0.09576,1.37002
0.08508,0.09576,1.37002
0.08508,0.09576,1.37002
0.08508,0.09576,1.37002
0.08508,0.09576,1.37002
0.08508,0.09576,1.37002
0.08508,0.09576,1.37002
0.08508,0.09576,1.37002
0.08508,0.09576,1.37002
0.08508,0.09576,1.37002
0.08508,0.09576,1.37002
0.08508,0.09576,1.37002
0.08508,0.09576,1.37002
0.08508,0.09576,1.37002
0.08508,0.09576,1.37002
0.08508,0.09576,1.37002
0.08508,0.09576,1.37002
0.08508,0.09576,1.37002
0.08508,0.09576,1.37002
0.08508,0.09576,1.37002
0.08508,0.09576,1.37002
0.08508,0.09576,1.37002
0.08508,0.09576,1.37002
0.08508,0.09576,1.37002
0.08508,0.09576,1.37002
0.08508,0.09576,1.37002
0.08508,0.09576,1.37002
0.08508,0.09576,1.37002
0.08508,0.09576,1.37002
0.08508,0.09576,1.37002
0.08508,0.09576,1.37002
0.08508,0.09576,1.37002
0.08508,0.09576,1.37002
0.08508,0.09576,1.37002
0.08508,0.09576,1.37002
0.08508,0.09576,1.37002
0.08508,0.09576,1.37002
0.08508,0.09576,1.37002
0.08508,0.09576,1.37002
0.08508,0.09576,1.37002
0.08508,0.09576,1.37002
0.08508,0.09576,1.37002
0.08508,0.09576,1.37002
0.08508,0.09576,1.37002
0.08508,0.09576,1.37002
0.08508,0.09576,1.37002
0.08508,0.09576,1.37002
0.08508,0.09576,1.37002
0.08508,0.09576,1.37002
0.08508,0.09576,1.37002
0.08508,0.09576,1.37002
0.08508,0.09576,1.37002
0.08508,0.09576,1.37002
0.08508,0.09576,1.37002
0.08508,0.09576,1.37002
0.08508,0.09576,1.37002
0.08508,0.09576,1.37002
0.08508,0.09576,1.37002
0.08508,0.09576,1.37002
0.08508,0.09576,1.37002
0.08508,0.09576,1.37002
0.08508,0.09576,1.37002
0.08508,0.09576,1.37002
0.08508,0.09576,1.37002
0.08508,0.09576,1.37002
0.08508,0.09576,1.37002
0.06368,0.12425,1.46110
0.06368,0.12425,1.46110
0.06368,0.12425,1.46110
0.06368,0.12425,1.46110
0.06368,0.12425,1.46110
0.06368,0.12425,1.46110
0.06368,0.12425,1.46110
0.06368,0.12425,1.46110
0.06368,0.12425,1.46110
0.06368,0.12425,1.46110
0.06368,0.12425,1.46110
0.06368,0.12425,1.46110
0.06368,0.12425,1.46110
0.06368,0.12425,1.46110
0.06368,0.12425,1.46110
0.06368,0.12425,1.46110
0.06368,0.12425,1.46110
0.06368,0.12425,1.46110
0.06368,0.12425,1.46110
0.06368,0.12425,1.46110
0.06368,0.12425,1.46110
0.06368,0.12425,1.46110
0.06368,0.12425,1.46110
0.06368,0.12425,1.46110
0.06368,0.12425,1.46110
0.06368,0.12425,1.46110
0.06368,0.12425,1.46110
0.06368,0.12425,1.46110
0.06368,0.12425,1.46110
0.06368,0.12425,1.46110
0.06368,0.12425,1.46110
0.06368,0.12425,1.46110
0.06368,0.12425,1.46110
0.06368,0.12425,1.46110
0.06368,0.12425,1.46110
0.06368,0.12425,1.46110
0.06368,0.12425,1.46110
0.06368,0.12425,1.46110
0.06368,0.12425,1.46110
0.06368,0.12425,1.46110
0.06368,0.12425,1.46110
0.06368,0.12425,1.46110
0.06368,0.12425,1.46110
0.06368,0.12425,1.46110
0.06368,0.12425,1.46110
0.06368,0.12425,1.46110
0.06368,0.12425,1.46110
0.06368,0.12425,1.46110
0.06368,0.12425,1.46110
0.06368,0.12425,1.46110
0.06368,0.12425,1.46110
0.06368,0.12425,1.46110
0.06368,0.12425,1.46110
0.06368,0.12425,1.46110
0.06368,0.12425,1.46110
0.06368,0.12425,1.46110
0.06368,0.12425,1.46110
0.06368,0.12425,1.46110
0.06368,0.12425,1.46110
0.06368,0.12425,1.46110
0.06368,0.12425,1.46110
0.06368,0.12425,1.46110
0.06368,0.12425,1.46110
0.06368,0.12425,1.46110
0.06368,0.12425,1.46110
0.06368,0.12425,1.46110
0.06368,0.12425,1.46110
0.06368,0.12425,1.46110
0.06368,0.12425,1.46110
0.06368,0.12425,1.46110
0.06368,0.12425,1.46110
0.06368,0.12425,1.46110
0.06368,0.12425,1.46110
0.06368,0.12425,1.46110
0.06368,0.12425,1.46110
0.06368,0.12425,1.46110
0.06368,0.12425,1.46110
0.06368,0.12425,1.46110
0.06368,0.12425,1.46110
0.06368,0.12425,1.46110
0.06368,0.12425,1.46110
0.06368,0.12425,1.46110
0.06368,0.12425,1.46110
0.06368,0.12425,1.46110
0.06368,0.12425,1.46110
0.06368,0.12425,1.46110
0.06368,0.12425,1.46110
0.06368,0.12425,1.46110
0.06368,0.12425,1.46110
0.06368,0.12425,1.46110
0.06368,0.12425,1.46110
0.06368,0.12425,1.46110
0.06368,0.12425,1.46110
0.06368,0.12425,1.46110
0.06368,0.12425,1.46110
0.06368,0.12425,1.46110
0.06368,0.12425,1.46110
0.06368,0.12425,1.46110
0.06368,0.12425,1.46110
0.06368,0.12425,1.46110
0.06368,0.12425,1.46110
0.06368,0.12425,1.46110
0.06368,0.12425,1.46110
0.06368,0.12425,1.46110
0.06368,0.12425,1.46110
0.06368,0.12425,1.46110
0.06368,0.12425,1.46110
0.06368,0.12425,1.46110
0.06368,0.12425,1.46110
0.06368,0.12425,1.46110
0.06368,0.12425,1.46110
0.06368,0.12425,1.46110
0.06368,0.12425,1.46110
0.06368,0.12425,1.46110
0.06368,0.12425,1.46110
0.06368,0.12425,1.46110
0.06368,0.12425,1.46110
0.06368,0.12425,1.46110
0.06368,0.12425,1.46110
0.06368,0.12425,1.46110
0.06368,0.12425,1.46110
0.06368,0.12425,1.46110
0.06368,0.12425,1.46110
0.06368,0.12425,1.46110
0.06368,0.12425,1.46110
0.06368,0.12425,1.46110
0.06368,0.12425,1.46110
0.06368,0.12425,1.46110
0.06368,0.12425,1.46110
0.06368,0.12425,1.46110
0.06368,0.12425,1.46110
0.06368,0.12425,1.46110
0.06368,0.12425,1.46110
0.06368,0.12425,1.46110
0.06368,0.12425,1.46110
0.06368,0.12425,1.46110
0.06368,0.12425,1.46110
0.06368,0.12425,1.46110
0.06368,0.12425,1.46110
0.06368,0.12425,1.46110
0.06368,0.12425,1.46110
0.06368,0.12425,1.46110
0.06368,0.12425,1.46110
0.06368,0.12425,1.46110
0.06368,0.12425,1.46110
0.06368,0.12425,1.46110
0.06368,0.12425,1.46110
0.06368,0.12425,1.46110
0.06368,0.12425,1.46110
0.06368,0.12425,1.46110
0.06368,0.12425,1.46110
0.06368,0.12425,1.46110
0.06368,0.12425,1.46110
0.06368,0.12425,1.46110
0.06368,0.12425,1.46110
0.06368,0.12425,1.46110
0.06368,0.12425,1.46110
0.06368,0.12425,1.46110
0.06368,0.12425,1.46110
0.06368,0.12425,1.46110
0.06368,0.12425,1.46110
0.06368,0.12425,1.46110
0.06368,0.12425,1.46110
0.06368,0.12425,1.46110
0.06368,0.12425,1.46110
0.06368,0.12425,1.46110
0.06368,0.12425,1.46110
0.06368,0.12425,1.46110
0.06368,0.12425,1.46110
0.06368,0.12425,1.46110
0.06368,0.12425,1.46110
0.06368,0.12425,1.46110
0.06368,0.12425,1.46110
0.06368,0.12425,1.46110
0.06368,0.12425,1.46110
0.06368,0.12425,1.46110
0.06368,0.12425,1.46110
0.06368,0.12425,1.46110
0.06368,0.12425,1.46110
0.06368,0.12425,1.46110
0.06368,0.12425,1.46110
0.06368,0.12425,1.46110
0.06368,0.12425,1.46110
0.06368,0.12425,1.46110
0.06368,0.12425,1.46110
0.06368,0.12425,1.46110
0.06368,0.12425,1.46110
0.06368,0.12425,1.46110
0.06368,0.12425,1.46110
0.06368,0.12425,1.46110
0.06368,0.12425,1.46110
0.06368,0.12425,1.46110
0.06368,0.12425,1.46110
0.06368,0.12425,1.46110
0.06368,0.12425,1.46110
0.06368,0.12425,1.46110
0.06368,0.12425,1.46110
0.06368,0.12425,1.46110
0.06368,0.12425,1.46110
0.06368,0.12425,1.46110
0.06368,0.12425,1.46110
0.06368,0.12425,1.46110
0.06368,0.12425,1.46110
0.06368,0.12425,1.46110
0.06368,0.12425,1.46110
0.06368,0.12425,1.46110
0.06368,0.12425,1.46110
0.06368,0.12425,1.46110
0.06368,0.12425,1.46110
0.06368,0.12425,1.46110
0.06368,0.12425,1.46110
0.06368,0.12425,1.46110
0.06368,0.12425,1.46110
0.06368,0.12425,1.46110
0.06368,0.12425,1.46110
0.06368,0.12425,1.46110
0.06368,0.12425,1.46110
0.06368,0.12425,1.46110
0.06368,0.12425,1.46110
0.06368,0.12425,1.46110
0.06368,0.12425,1.46110
0.06368,0.12425,1.46110
0.06368,0.12425,1.46110
0.06368,0.12425,1.46110
0.06368,0.12425,1.46110
0.06368,0.12425,1.46110
0.06368,0.12425,1.46110
0.06368,0.12425,1.46110
0.06368,0.12425,1.46110
0.06368,0.12425,1.46110
0.06368,0.12425,1.46110
0.06368,0.12425,1.46110
0.06368,0.12425,1.46110
0.06368,0.12425,1.46110
0.06368,0.12425,1.46110
0.06368,0.12425,1.46110
0.06368,0.12425,1.46110
0.06368,0.12425,1.46110
0.06368,0.12425,1.46110
0.06368,0.12425,1.46110
0.06368,0.12425,1.46110
0.06368,0.12425,1.46110
0.06368,0.12425,1.46110
0.06368,0.12425,1.46110
0.06368,0.12425,1.46110
0.06368,0.12425,1.46110
0.06368,0.12425,1.46110
0.06368,0.12425,1.46110
0.06368,0.12425,1.46110
0.06368,0.12425,1.46110
0.06368,0.12425,1.46110
0.06368,0.12425,1.46110
0.06368,0.12425,1.46110
0.06368,0.12425,1.46110
0.06368,0.12425,1.46110
0.06368,0.12425,1.46110
0.06368,0.12425,1.46110
0.06368,0.12425,1.46110
0.06368,0.12425,1.46110
0.06368,0.12425,1.46110
0.06368,0.12425,1.46110
0.06368,0.12425,1.46110
0.06368,0.12425,1.46110
0.06368,0.12425,1.46110
0.06368,0.12425,1.46110
0.06368,0.12425,1.46110
0.06368,0.12425,1.46110
0.06368,0.12425,1.46110
0.06368,0.12425,1.46110
0.06368,0.12425,1.46110
0.06368,0.12425,1.46110
0.06368,0.12425,1.46110
0.06368,0.12425,1.46110
0.06368,0.12425,1.46110
0.06368,0.12425,1.46110
0.06368,0.12425,1.46110
0.06368,0.12425,1.46110
0.06368,0.12425,1.46110
0.06368,0.12425,1.46110
0.06368,0.12425,1.46110
0.06368,0.12425,1.46110
0.06368,0.12425,1.46110
0.06368,0.12425,1.46110
0.06368,0.12425,1.46110
0.06368,0.12425,1.46110
0.06368,0.12425,1.46110
0.06368,0.12425,1.46110
0.06368,0.12425,1.46110
0.06368,0.12425,1.46110
0.06368,0.12425,1.46110
0.06368,0.12425,1.46110
0.06368,0.12425,1.46110
0.06368,0.12425,1.46110
0.06368,0.12425,1.46110
0.06368,0.12425,1.46110
0.06368,0.12425,1.46110
0.06368,0.12425,1.46110
0.06368,0.12425,1.46110
0.06368,0.12425,1.46110
0.06368,0.12425,1.46110
0.06368,0.12425,1.46110
0.06368,0.12425,1.46110
0.06368,0.12425,1.46110
0.06368,0.12425,1.46110
0.06368,0.12425,1.46110
0.06368,0.12425,1.46110
0.06368,0.12425,1.46110
0.06368,0.12425,1.46110
0.06368,0.12425,1.46110
0.06368,0.12425,1.46110
0.06368,0.12425,1.46110
0.06368,0.12425,1.46110
0.06368,0.12425,1.46110
0.06368,0.12425,1.46110
0.06368,0.12425,1.46110
0.06368,0.12425,1.46110
0.06368,0.12425,1.46110
0.06368,0.12425,1.46110
0.06368,0.12425,1.46110
0.06368,0.12425,1.46110
0.06368,0.12425,1.46110
0.06368,0.12425,1.46110
0.06368,0.12425,1.46110
0.06368,0.12425,1.46110
0.06368,0.12425,1.46110
0.06368,0.12425,1.46110
0.06368,0.12425,1.46110
0.06368,0.12425,1.46110
0.06368,0.12425,1.46110
0.06368,0.12425,1.46110
0.06368,0.12425,1.46110
0.06368,0.12425,1.46110
0.06368,0.12425,1.46110
0.06368,0.12425,1.46110
0.06368,0.12425,1.46110
0.06368,0.12425,1.46110
0.06368,0.12425,1.46110
0.06368,0.12425,1.46110
0.06368,0.12425,1.46110
0.06368,0.12425,1.46110
0.06368,0.12425,1.46110
0.06368,0.12425,1.46110
0.06368,0.12425,1.46110
0.06368,0.12425,1.46110
0.06368,0.12425,1.46110
0.06368,0.12425,1.46110
0.06368,0.12425,1.46110
0.06368,0.12425,1.46110
0.06368,0.12425,1.46110
0.06368,0.12425,1.46110
0.06368,0.12425,1.46110
0.06368,0.12425,1.46110
0.06368,0.12425,1.46110
0.06368,0.12425,1.46110
0.06368,0.12425,1.46110
0.06368,0.12425,1.46110
0.06368,0.12425,1.46110
0.06368,0.12425,1.46110
0.06368,0.12425,1.46110
0.06368,0.12425,1.46110
0.06368,0.12425,1.46110
0.06368,0.12425,1.46110
0.06368,0.12425,1.46110
0.06368,0.12425,1.46110
0.06368,0.12425,1.46110
0.06368,0.12425,1.46110
0.06368,0.12425,1.46110
0.06368,0.12425,1.46110
0.06368,0.12425,1.46110
0.06368,0.12425,1.46110
0.06368,0.12425,1.46110
0.06368,0.12425,1.46110
0.06368,0.12425,1.46110
0.06368,0.12425,1.46110
0.06368,0.12425,1.46110
0.06368,0.12425,1.46110
0.06368,0.12425,1.46110
0.06368,0.12425,1.46110
0.06368,0.12425,1.46110
0.06368,0.12425,1.46110
0.06368,0.12425,1.46110
0.06368,0.12425,1.46110
0.06368,0.12425,1.46110
0.06368,0.12425,1.46110
0.06368,0.12425,1.46110
0.06368,0.12425,1.46110
0.06368,0.12425,1.46110
0.06368,0.12425,1.46110
0.06368,0.12425,1.46110
0.06368,0.12425,1.46110
0.06368,0.12425,1.46110
0.06368,0.12425,1.46110
0.06368,0.12425,1.46110
0.06368,0.12425,1.46110
0.06368,0.12425,1.46110
0.06368,0.12425,1.46110
0.06368,0.12425,1.46110
0.06368,0.12425,1.46110
0.06368,0.12425,1.46110
0.06368,0.12425,1.46110
0.06368,0.12425,1.46110
0.06368,0.12425,1.46110
0.06368,0.12425,1.46110
0.06368,0.12425,1.46110
0.06368,0.12425,1.46110
0.06368,0.12425,1.46110
0.06368,0.12425,1.46110
0.06368,0.12425,1.46110
0.06368,0.12425,1.46110
0.06368,0.12425,1.46110
0.06368,0.12425,1.46110
0.06368,0.12425,1.46110
0.06368,0.12425,1.46110
0.06368,0.12425,1.46110
0.06368,0.12425,1.46110
0.06368,0.12425,1.46110
0.06368,0.12425,1.46110
0.06368,0.12425,1.46110
0.06368,0.12425,1.46110
0.06368,0.12425,1.46110
0.06368,0.12425,1.46110
0.06368,0.12425,1.46110
0.06368,0.12425,1.46110
0.06368,0.12425,1.46110
0.06368,0.12425,1.46110
0.06368,0.12425,1.46110
0.06368,0.12425,1.46110
0.06368,0.12425,1.46110
0.06368,0.12425,1.46110
0.06368,0.12425,1.46110
0.06368,0.12425,1.46110
0.06368,0.12425,1.46110
0.06368,0.12425,1.46110
0.06368,0.12425,1.46110
0.06368,0.12425,1.46110
0.06368,0.12425,1.46110
0.06368,0.12425,1.46110
0.06368,0.12425,1.46110
0.06368,0.12425,1.46110
0.06368,0.12425,1.46110
0.06368,0.12425,1.46110
0.06368,0.12425,1.46110
0.06368,0.12425,1.46110
0.06368,0.12425,1.46110
0.06368,0.12425,1.46110
0.06368,0.12425,1.46110
0.06368,0.12425,1.46110
0.06368,0.12425,1.46110
0.06368,0.12425,1.46110
0.06368,0.12425,1.46110
0.06368,0.12425,1.46110
0.06368,0.12425,1.46110
0.06368,0.12425,1.46110
0.06368,0.12425,1.46110
0.06368,0.12425,1.46110
0.06368,0.12425,1.46110
0.06368,0.12425,1.46110
0.06368,0.12425,1.46110
0.06368,0.12425,1.46110
0.06368,0.12425,1.46110
0.06368,0.12425,1.46110
0.06368,0.12425,1.46110
0.06368,0.12425,1.46110
0.06368,0.12425,1.46110
0.06368,0.12425,1.46110
0.06368,0.12425,1.46110
0.06368,0.12425,1.46110
0.06368,0.12425,1.46110
0.06368,0.12425,1.46110
0.06368,0.12425,1.46110
0.06368,0.12425,1.46110
0.06368,0.12425,1.46110
0.06368,0.12425,1.46110
0.06368,0.12425,1.46110
0.06368,0.12425,1.46110
0.06368,0.12425,1.46110
0.06368,0.12425,1.46110
0.06368,0.12425,1.46110
0.06368,0.12425,1.46110
0.06368,0.12425,1.46110
0.06368,0.12425,1.46110
0.06368,0.12425,1.46110
0.06368,0.12425,1.46110
0.06368,0.12425,1.46110
0.06368,0.12425,1.46110
0.06368,0.12425,1.46110
0.06368,0.12425,1.46110
0.06368,0.12425,1.46110
0.06368,0.12425,1.46110
0.06368,0.12425,1.46110
0.06368,0.12425,1.46110
0.06368,0.12425,1.46110
0.06368,0.12425,1.46110
0.06368,0.12425,1.46110
0.06368,0.12425,1.46110
0.06368,0.12425,1.46110
0.06368,0.12425,1.46110
0.06368,0.12425,1.46110
0.06368,0.12425,1.46110
0.06368,0.12425,1.46110
0.06368,0.12425,1.46110
0.06368,0.12425,1.46110
0.06368,0.12425,1.46110
0.06368,0.12425,1.46110
0.06368,0.12425,1.46110
0.06368,0.12425,1.46110
0.06368,0.12425,1.46110
0.06368,0.12425,1.46110
0.06368,0.12425,1.46110
0.06368,0.12425,1.46110
0.06368,0.12425,1.46110
0.06368,0.12425,1.46110
0.06368,0.12425,1.46110
0.06368,0.12425,1.46110
0.06368,0.12425,1.46110
0.06368,0.12425,1.46110
0.06368,0.12425,1.46110
0.06368,0.12425,1.46110
0.06368,0.12425,1.46110
0.06368,0.12425,1.46110
0.06368,0.12425,1.46110
0.06368,0.12425,1.46110
0.06368,0.12425,1.46110
0.06368,0.12425,1.46110
0.06368,0.12425,1.46110
0.06368,0.12425,1.46110
0.06368,0.12425,1.46110
0.06368,0.12425,1.46110
0.06368,0.12425,1.46110
0.06368,0.12425,1.46110
0.06368,0.12425,1.46110
0.06368,0.12425,1.46110
0.06368,0.12425,1.46110
0.06368,0.12425,1.46110
0.06368,0.12425,1.46110
0.06368,0.12425,1.46110
0.06368,0.12425,1.46110
0.06368,0.12425,1.46110
0.06368,0.12425,1.46110
0.06368,0.12425,1.46110
0.06368,0.12425,1.46110
0.06368,0.12425,1.46110
0.06368,0.12425,1.46110
0.06368,0.12425,1.46110
0.06368,0.12425,1.46110
0.06368,0.12425,1.46110
0.06368,0.12425,1.46110
0.06368,0.12425,1.46110
0.06368,0.12425,1.46110
0.06368,0.12425,1.46110
0.06368,0.12425,1.46110
0.06368,0.12425,1.46110
0.06368,0.12425,1.46110
0.06368,0.12425,1.46110
0.06368,0.12425,1.46110
0.06368,0.12425,1.46110
0.06368,0.12425,1.46110
0.06368,0.12425,1.46110
0.06368,0.12425,1.46110
0.06368,0.12425,1.46110
0.06368,0.12425,1.46110
0.06368,0.12425,1.46110
0.06368,0.12425,1.46110
0.06368,0.12425,1.46110
0.06368,0.12425,1.46110
0.06368,0.12425,1.46110
0.06368,0.12425,1.46110
0.06368,0.12425,1.46110
0.06368,0.12425,1.46110
0.06368,0.12425,1.46110
0.06368,0.12425,1.46110
0.06368,0.12425,1.46110
0.06368,0.12425,1.46110
0.06368,0.12425,1.46110
0.06368,0.12425,1.46110
0.06368,0.12425,1.46110
0.06368,0.12425,1.46110
0.06368,0.12425,1.46110
0.06368,0.12425,1.46110
0.06368,0.12425,1.46110
0.06368,0.12425,1.46110
0.06368,0.12425,1.46110
0.06368,0.12425,1.46110
0.06368,0.12425,1.46110
0.06368,0.12425,1.46110
0.06368,0.12425,1.46110
0.06368,0.12425,1.46110
0.06368,0.12425,1.46110
0.06368,0.12425,1.46110
0.06368,0.12425,1.46110
0.06368,0.12425,1.46110
0.06368,0.12425,1.46110
0.06368,0.12425,1.46110
0.06368,0.12425,1.46110
0.06368,0.12425,1.46110
0.06368,0.12425,1.46110
0.06368,0.12425,1.46110
0.06368,0.12425,1.46110
0.06368,0.12425,1.46110
0.06368,0.12425,1.46110
0.06368,0.12425,1.46110
0.06368,0.12425,1.46110
0.06368,0.12425,1.46110
0.06368,0.12425,1.46110
0.06368,0.12425,1.46110
0.06368,0.12425,1.46110
0.06368,0.12425,1.46110
0.06368,0.12425,1.46110
0.06368,0.12425,1.46110
0.06368,0.12425,1.46110
0.06368,0.12425,1.46110
0.06368,0.12425,1.46110
0.06368,0.12425,1.46110
0.06368,0.12425,1.46110
0.06368,0.12425,1.46110
0.06368,0.12425,1.46110
0.06368,0.12425,1.46110
0.06368,0.12425,1.46110
0.06368,0.12425,1.46110
0.06368,0.12425,1.46110
0.06368,0.12425,1.46110
0.06368,0.12425,1.46110
0.06368,0.12425,1.46110
0.06368,0.12425,1.46110
0.06368,0.12425,1.46110
0.06368,0.12425,1.46110
0.06368,0.12425,1.46110
0.06368,0.12425,1.46110
0.06368,0.12425,1.46110
0.06368,0.12425,1.46110
0.06368,0.12425,1.46110
0.06368,0.12425,1.46110
0.06368,0.12425,1.46110
0.06368,0.12425,1.46110
0.06368,0.12425,1.46110
0.06368,0.12425,1.46110
0.06368,0.12425,1.46110
0.06368,0.12425,1.46110
0.06368,0.12425,1.46110
0.06368,0.12425,1.46110
0.06368,0.12425,1.46110
0.06368,0.12425,1.46110
0.06368,0.12425,1.46110
0.06368,0.12425,1.46110
0.06368,0.12425,1.46110
0.06368,0.12425,1.46110
0.06368,0.12425,1.46110
0.06368,0.12425,1.46110
0.06368,0.12425,1.46110
0.06368,0.12425,1.46110
0.06368,0.12425,1.46110
0.06368,0.12425,1.46110
0.06368,0.12425,1.46110
0.06368,0.12425,1.46110
0.06368,0.12425,1.46110
0.06368,0.12425,1.46110
0.06368,0.12425,1.46110
0.06368,0.12425,1.46110
0.06368,0.12425,1.46110
0.06368,0.12425,1.46110
0.06368,0.12425,1.46110
0.06368,0.12425,1.46110
0.06368,0.12425,1.46110
0.06368,0.12425,1.46110
0.06368,0.12425,1.46110
0.06368,0.12425,1.46110
0.06368,0.12425,1.46110
0.06368,0.12425,1.46110
0.06368,0.12425,1.46110
0.06368,0.12425,1.46110
0.06368,0.12425,1.46110
0.06368,0.12425,1.46110
0.06368,0.12425,1.46110
0.06368,0.12425,1.46110
0.06368,0.12425,1.46110
0.06368,0.12425,1.46110
0.06368,0.12425,1.46110
0.06368,0.12425,1.46110
0.06368,0.12425,1.46110
0.06368,0.12425,1.46110
0.06368,0.12425,1.46110
0.06368,0.12425,1.46110
0.06368,0.12425,1.46110
0.06368,0.12425,1.46110
0.06368,0.12425,1.46110
0.06368,0.12425,1.46110
0.06368,0.12425,1.46110
0.06368,0.12425,1.46110
0.06368,0.12425,1.46110
0.06368,0.12425,1.46110
0.06368,0.12425,1.46110
0.06368,0.12425,1.46110
0.06368,0.12425,1.46110
0.06368,0.12425,1.46110
0.06368,0.12425,1.46110
0.06368,0.12425,1.46110
0.06368,0.12425,1.46110
0.06368,0.12425,1.46110
0.06368,0.12425,1.46110
0.06368,0.12425,1.46110
0.06368,0.12425,1.46110
0.06368,0.12425,1.46110
0.06368,0.12425,1.46110
0.06368,0.12425,1.46110
0.06368,0.12425,1.46110
0.06368,0.12425,1.46110
0.06368,0.12425,1.46110
0.06368,0.12425,1.46110
0.06368,0.12425,1.46110
0.06368,0.12425,1.46110
0.06368,0.12425,1.46110
0.06368,0.12425,1.46110
0.06368,0.12425,1.46110
0.06368,0.12425,1.46110
0.06368,0.12425,1.46110
0.06368,0.12425,1.46110
0.06368,0.12425,1.46110
0.06368,0.12425,1.46110
0.06368,0.12425,1.46110
0.06368,0.12425,1.46110
0.06368,0.12425,1.46110
0.06368,0.12425,1.46110
0.06368,0.12425,1.46110
0.06368,0.12425,1.46110
0.06368,0.12425,1.46110
0.06368,0.12425,1.46110
0.06368,0.12425,1.46110
0.06368,0.12425,1.46110
0.06368,0.12425,1.46110
0.06368,0.12425,1.46110
0.06368,0.12425,1.46110
0.06368,0.12425,1.46110
0.06368,0.12425,1.46110
0.06368,0.12425,1.46110
0.06368,0.12425,1.46110
0.06368,0.12425,1.46110
0.06368,0.12425,1.46110
0.06368,0.12425,1.46110
0.06368,0.12425,1.46110
0.06368,0.12425,1.46110
0.06368,0.12425,1.46110
0.06368,0.12425,1.46110
0.06368,0.12425,1.46110
0.06368,0.12425,1.46110
0.06368,0.12425,1.46110
0.06368,0.12425,1.46110
0.06368,0.12425,1.46110
0.06368,0.12425,1.46110
0.06368,0.12425,1.46110
0.06368,0.12425,1.46110
0.06368,0.12425,1.46110
0.06368,0.12425,1.46110
0.06368,0.12425,1.46110
0.06368,0.12425,1.46110
0.06368,0.12425,1.46110
0.06368,0.12425,1.46110
0.06368,0.12425,1.46110
0.06368,0.12425,1.46110
0.06368,0.12425,1.46110
0.06368,0.12425,1.46110
0.06368,0.12425,1.46110
0.06368,0.12425,1.46110
0.06368,0.12425,1.46110
0.06368,0.12425,1.46110
0.06368,0.12425,1.46110
0.06368,0.12425,1.46110
0.06368,0.12425,1.46110
0.06368,0.12425,1.46110
0.06368,0.12425,1.46110
0.06368,0.12425,1.46110
0.06368,0.12425,1.46110
0.06368,0.12425,1.46110
0.06368,0.12425,1.46110
0.06368,0.12425,1.46110
0.06368,0.12425,1.46110
0.06368,0.12425,1.46110
0.06368,0.12425,1.46110
0.06368,0.12425,1.46110
0.06368,0.12425,1.46110
0.06368,0.12425,1.46110
0.06368,0.12425,1.46110
0.06368,0.12425,1.46110
0.06368,0.12425,1.46110
0.06368,0.12425,1.46110
0.06368,0.12425,1.46110
0.06368,0.12425,1.46110
0.06368,0.12425,1.46110
0.06368,0.12425,1.46110
0.06368,0.12425,1.46110
0.06368,0.12425,1.46110
0.06368,0.12425,1.46110
0.06368,0.12425,1.46110
0.06368,0.12425,1.46110
0.06368,0.12425,1.46110
0.06368,0.12425,1.46110
0.06368,0.12425,1.46110
0.06368,0.12425,1.46110
0.06368,0.12425,1.46110
0.06368,0.12425,1.46110
0.06368,0.12425,1.46110
0.06368,0.12425,1.46110
0.06368,0.12425,1.46110
0.06368,0.12425,1.46110
0.06368,0.12425,1.46110
0.06368,0.12425,1.46110
0.06368,0.12425,1.46110
0.06368,0.12425,1.46110
0.06368,0.12425,1.46110
0.06368,0.12425,1.46110
0.06368,0.12425,1.46110
0.06368,0.12425,1.46110
0.06368,0.12425,1.46110
0.06368,0.12425,1.46110
0.06368,0.12425,1.46110
0.06368,0.12425,1.46110
0.06368,0.12425,1.46110
0.06368,0.12425,1.46110
0.06368,0.12425,1.46110
0.06368,0.12425,1.46110
0.06368,0.12425,1.46110
0.06368,0.12425,1.46110
0.06368,0.12425,1.46110
0.06368,0.12425,1.46110
0.06368,0.12425,1.46110
0.06368,0.12425,1.46110
0.06368,0.12425,1.46110
0.06368,0.12425,1.46110
0.06368,0.12425,1.46110
0.06368,0.12425,1.46110
0.06368,0.12425,1.46110
0.06368,0.12425,1.46110
0.06368,0.12425,1.46110
0.06368,0.12425,1.46110
0.06368,0.12425,1.46110
0.06368,0.12425,1.46110
0.06368,0.12425,1.46110
0.06368,0.12425,1.46110
0.06368,0.12425,1.46110
0.06368,0.12425,1.46110
0.06368,0.12425,1.46110
0.06368,0.12425,1.46110
0.06368,0.12425,1.46110
0.06368,0.12425,1.46110
0.06368,0.12425,1.46110
0.06368,0.12425,1.46110
0.06368,0.12425,1.46110
0.06368,0.12425,1.46110
0.06368,0.12425,1.46110
0.06368,0.12425,1.46110
0.06368,0.12425,1.46110
0.06368,0.12425,1.46110
0.06368,0.12425,1.46110
0.06513,0.10430,1.49659
0.06513,0.10430,1.49659
0.06513,0.10430,1.49659
0.06513,0.10430,1.49659
0.06513,0.10430,1.49659
0.06513,0.10430,1.49659
0.06513,0.10430,1.49659
0.06513,0.10430,1.49659
0.06513,0.10430,1.49659
0.06513,0.10430,1.49659
0.06513,0.10430,1.49659
0.06513,0.10430,1.49659
0.06513,0.10430,1.49659
0.06513,0.10430,1.49659
0.06513,0.10430,1.49659
0.06513,0.10430,1.49659
0.06513,0.10430,1.49659
0.06513,0.10430,1.49659
0.06513,0.10430,1.49659
0.06513,0.10430,1.49659
0.06513,0.10430,1.49659
0.06513,0.10430,1.49659
0.06513,0.10430,1.49659
0.06513,0.10430,1.49659
0.06513,0.10430,1.49659
0.06513,0.10430,1.49659
0.06513,0.10430,1.49659
0.06513,0.10430,1.49659
0.06513,0.10430,1.49659
0.06513,0.10430,1.49659
0.06513,0.10430,1.49659
0.06513,0.10430,1.49659
0.06513,0.10430,1.49659
0.06513,0.10430,1.49659
0.06513,0.10430,1.49659
0.06513,0.10430,1.49659
0.06513,0.10430,1.49659
0.06513,0.10430,1.49659
0.06513,0.10430,1.49659
0.06513,0.10430,1.49659
0.06513,0.10430,1.49659
0.06513,0.10430,1.49659
0.06513,0.10430,1.49659
0.06513,0.10430,1.49659
0.06513,0.10430,1.49659
0.06513,0.10430,1.49659
0.06513,0.10430,1.49659
0.06513,0.10430,1.49659
0.06513,0.10430,1.49659
0.06513,0.10430,1.49659
0.06513,0.10430,1.49659
0.06513,0.10430,1.49659
0.06513,0.10430,1.49659
0.06513,0.10430,1.49659
0.06513,0.10430,1.49659
0.06513,0.10430,1.49659
0.06513,0.10430,1.49659
0.06513,0.10430,1.49659
0.06513,0.10430,1.49659
0.06513,0.10430,1.49659
0.06513,0.10430,1.49659
0.06513,0.10430,1.49659
0.06513,0.10430,1.49659
0.06513,0.10430,1.49659
0.06513,0.10430,1.49659
0.06513,0.10430,1.49659
0.06513,0.10430,1.49659
0.06513,0.10430,1.49659
0.06513,0.10430,1.49659
0.06513,0.10430,1.49659
0.06513,0.10430,1.49659
0.06513,0.10430,1.49659
0.06513,0.10430,1.49659
0.06513,0.10430,1.49659
0.06513,0.10430,1.49659
0.06513,0.10430,1.49659
0.06513,0.10430,1.49659
0.06513,0.10430,1.49659
0.06513,0.10430,1.49659
0.06513,0.10430,1.49659
0.06513,0.10430,1.49659
0.06513,0.10430,1.49659
0.06513,0.10430,1.49659
0.06513,0.10430,1.49659
0.06513,0.10430,1.49659
0.06513,0.10430,1.49659
0.06513,0.10430,1.49659
0.06513,0.10430,1.49659
0.06513,0.10430,1.49659
0.06513,0.10430,1.49659
0.06513,0.10430,1.49659
0.06513,0.10430,1.49659
0.06513,0.10430,1.49659
0.06513,0.10430,1.49659
0.06513,0.10430,1.49659
0.06513,0.10430,1.49659
0.06513,0.10430,1.49659
0.06513,0.10430,1.49659
0.06513,0.10430,1.49659
0.06513,0.10430,1.49659
0.06513,0.10430,1.49659
0.06513,0.10430,1.49659
0.06513,0.10430,1.49659
0.06513,0.10430,1.49659
0.06513,0.10430,1.49659
0.06513,0.10430,1.49659
0.06513,0.10430,1.49659
0.06513,0.10430,1.49659
0.06513,0.10430,1.49659
0.06513,0.10430,1.49659
0.06513,0.10430,1.49659
0.06513,0.10430,1.49659
0.06513,0.10430,1.49659
0.06513,0.10430,1.49659
0.06513,0.10430,1.49659
0.06513,0.10430,1.49659
0.06513,0.10430,1.49659
0.06513,0.10430,1.49659
0.04518,0.10285,1.53269
0.04518,0.10285,1.53269
0.04518,0.10285,1.53269
0.04518,0.10285,1.53269
0.04518,0.10285,1.53269
0.04518,0.10285,1.53269
0.04518,0.10285,1.53269
0.04518,0.10285,1.53269
0.04518,0.10285,1.53269
0.04518,0.10285,1.53269
0.04518,0.10285,1.53269
0.04518,0.10285,1.53269
0.04518,0.10285,1.53269
0.04518,0.10285,1.53269
0.04518,0.10285,1.53269
0.04518,0.10285,1.53269
0.04518,0.10285,1.53269
0.04518,0.10285,1.53269
0.04518,0.10285,1.53269
0.04518,0.10285,1.53269
0.04518,0.10285,1.53269
0.04518,0.10285,1.53269
0.04518,0.10285,1.53269
0.04518,0.10285,1.53269
0.04518,0.10285,1.53269
0.04518,0.10285,1.53269
0.04518,0.10285,1.53269
0.04518,0.10285,1.53269
0.04518,0.10285,1.53269
0.04518,0.10285,1.53269
0.04518,0.10285,1.53269
0.04518,0.10285,1.53269
0.04518,0.10285,1.53269
0.04518,0.10285,1.53269
0.04518,0.10285,1.53269
0.04518,0.10285,1.53269
0.04518,0.10285,1.53269
0.04518,0.10285,1.53269
0.04518,0.10285,1.53269
0.04518,0.10285,1.53269
0.04518,0.10285,1.53269
0.04518,0.10285,1.53269
0.04518,0.10285,1.53269
0.04518,0.10285,1.53269
0.04518,0.10285,1.53269
0.04518,0.10285,1.53269
0.04518,0.10285,1.53269
0.04518,0.10285,1.53269
0.04518,0.10285,1.53269
0.04518,0.10285,1.53269
0.04518,0.10285,1.53269
0.04518,0.10285,1.53269
0.04518,0.10285,1.53269
0.04518,0.10285,1.53269
0.04518,0.10285,1.53269
0.04518,0.10285,1.53269
0.04518,0.10285,1.53269
0.04518,0.10285,1.53269
0.04518,0.10285,1.53269
0.04518,0.10285,1.53269
0.04518,0.10285,1.53269
0.04518,0.10285,1.53269
0.04518,0.10285,1.53269
0.04518,0.10285,1.53269
0.04518,0.10285,1.53269
0.04518,0.10285,1.53269
0.04518,0.10285,1.53269
0.04518,0.10285,1.53269
0.04518,0.10285,1.53269
0.04518,0.10285,1.53269
0.04518,0.10285,1.53269
0.04518,0.10285,1.53269
0.04518,0.10285,1.53269
0.04518,0.10285,1.53269
0.04518,0.10285,1.53269
0.04518,0.10285,1.53269
0.04518,0.10285,1.53269
0.04518,0.10285,1.53269
0.04518,0.10285,1.53269
0.04518,0.10285,1.53269
0.04518,0.10285,1.53269
0.04518,0.10285,1.53269
0.04518,0.10285,1.53269
0.04518,0.10285,1.53269
0.04518,0.10285,1.53269
0.04518,0.10285,1.53269
0.04518,0.10285,1.53269
0.04518,0.10285,1.53269
0.04518,0.10285,1.53269
0.04518,0.10285,1.53269
0.04518,0.10285,1.53269
0.04518,0.10285,1.53269
0.04518,0.10285,1.53269
0.04518,0.10285,1.53269
0.04518,0.10285,1.53269
0.04518,0.10285,1.53269
0.04518,0.10285,1.53269
0.04518,0.10285,1.53269
0.04518,0.10285,1.53269
0.04518,0.10285,1.53269
0.04518,0.10285,1.53269
0.04518,0.10285,1.53269
0.04518,0.10285,1.53269
0.04518,0.10285,1.53269
0.04518,0.10285,1.53269
0.04518,0.10285,1.53269
0.04518,0.10285,1.53269
0.04518,0.10285,1.53269
0.04518,0.10285,1.53269
0.04518,0.10285,1.53269
0.04518,0.10285,1.53269
0.04518,0.10285,1.53269
0.04518,0.10285,1.53269
0.04518,0.10285,1.53269
0.04518,0.10285,1.53269
0.04518,0.10285,1.53269
0.04518,0.10285,1.53269
0.04518,0.10285,1.53269
0.04518,0.10285,1.53269
0.04518,0.10285,1.53269
0.04518,0.10285,1.53269
0.04518,0.10285,1.53269
0.04518,0.10285,1.53269
0.04518,0.10285,1.53269
0.04518,0.10285,1.53269
0.04518,0.10285,1.53269
0.04518,0.10285,1.53269
0.04518,0.10285,1.53269
0.04518,0.10285,1.53269
0.04518,0.10285,1.53269
0.04518,0.10285,1.53269
0.04518,0.10285,1.53269
0.04518,0.10285,1.53269
0.04518,0.10285,1.53269
0.04518,0.10285,1.53269
0.04518,0.10285,1.53269
0.04518,0.10285,1.53269
0.04518,0.10285,1.53269
0.04518,0.10285,1.53269
0.04518,0.10285,1.53269
0.04518,0.10285,1.53269
0.04518,0.10285,1.53269
0.04518,0.10285,1.53269
0.04518,0.10285,1.53269
0.04518,0.10285,1.53269
0.04518,0.10285,1.53269
0.04518,0.10285,1.53269
0.04518,0.10285,1.53269
0.04518,0.10285,1.53269
0.04518,0.10285,1.53269
0.04518,0.10285,1.53269
0.04518,0.10285,1.53269
0.04518,0.10285,1.53269
0.04518,0.10285,1.53269
0.04518,0.10285,1.53269
0.04518,0.10285,1.53269
0.04518,0.10285,1.53269
0.04518,0.10285,1.53269
0.04518,0.10285,1.53269
0.04518,0.10285,1.53269
0.04518,0.10285,1.53269
0.04518,0.10285,1.53269
0.04518,0.10285,1.53269
0.04518,0.10285,1.53269
0.04518,0.10285,1.53269
0.04518,0.10285,1.53269
0.04518,0.10285,1.53269
0.04518,0.10285,1.53269
0.04518,0.10285,1.53269
0.04518,0.10285,1.53269
0.04518,0.10285,1.53269
0.04518,0.10285,1.53269
0.04518,0.10285,1.53269
0.04518,0.10285,1.53269
0.04518,0.10285,1.53269
0.04518,0.10285,1.53269
0.04518,0.10285,1.53269
0.04518,0.10285,1.53269
0.04518,0.10285,1.53269
0.04518,0.10285,1.53269
0.04518,0.10285,1.53269
0.04518,0.10285,1.53269
0.04518,0.10285,1.53269
0.04518,0.10285,1.53269
0.04518,0.10285,1.53269
0.04518,0.10285,1.53269
0.04518,0.10285,1.53269
0.04518,0.10285,1.53269
0.04518,0.10285,1.53269
0.04518,0.10285,1.53269
0.04518,0.10285,1.53269
0.04518,0.10285,1.53269
0.04518,0.10285,1.53269
0.04518,0.10285,1.53269
0.04518,0.10285,1.53269
0.04518,0.10285,1.53269
0.04518,0.10285,1.53269
0.04518,0.10285,1.53269
0.04518,0.10285,1.53269
0.04518,0.10285,1.53269
0.04518,0.10285,1.53269
0.04518,0.10285,1.53269
0.04518,0.10285,1.53269
0.04518,0.10285,1.53269
0.04518,0.10285,1.53269
0.04518,0.10285,1.53269
0.04518,0.10285,1.53269
0.04518,0.10285,1.53269
0.04518,0.10285,1.53269
0.04518,0.10285,1.53269
0.04518,0.10285,1.53269
0.04518,0.10285,1.53269
0.04518,0.10285,1.53269
0.04518,0.10285,1.53269
0.04518,0.10285,1.53269
0.04518,0.10285,1.53269
0.04518,0.10285,1.53269
0.04518,0.10285,1.53269
0.04518,0.10285,1.53269
0.04518,0.10285,1.53269
0.04518,0.10285,1.53269
0.04518,0.10285,1.53269
0.04518,0.10285,1.53269
0.04518,0.10285,1.53269
0.04518,0.10285,1.53269
0.04518,0.10285,1.53269
0.04518,0.10285,1.53269
0.04518,0.10285,1.53269
0.04518,0.10285,1.53269
0.04518,0.10285,1.53269
0.04518,0.10285,1.53269
0.04518,0.10285,1.53269
0.04518,0.10285,1.53269
0.04518,0.10285,1.53269
0.04518,0.10285,1.53269
0.04518,0.10285,1.53269
0.04518,0.10285,1.53269
0.04518,0.10285,1.53269
0.04518,0.10285,1.53269
0.04518,0.10285,1.53269
0.04518,0.10285,1.53269
0.04518,0.10285,1.53269
0.04518,0.10285,1.53269
0.04518,0.10285,1.53269
0.04518,0.10285,1.53269
0.04518,0.10285,1.53269
0.04518,0.10285,1.53269
0.04518,0.10285,1.53269
0.04518,0.10285,1.53269
0.04518,0.10285,1.53269
0.04518,0.10285,1.53269
0.04518,0.10285,1.53269
0.04518,0.10285,1.53269
0.04518,0.10285,1.53269
0.04518,0.10285,1.53269
0.04518,0.10285,1.53269
0.04518,0.10285,1.53269
0.04518,0.10285,1.53269
0.04518,0.10285,1.53269
0.04518,0.10285,1.53269
0.04518,0.10285,1.53269
0.04518,0.10285,1.53269
0.04518,0.10285,1.53269
0.04518,0.10285,1.53269
0.04518,0.10285,1.53269
0.04518,0.10285,1.53269
0.04518,0.10285,1.53269
0.04518,0.10285,1.53269
0.04518,0.10285,1.53269
0.04518,0.10285,1.53269
0.04518,0.10285,1.53269
0.04518,0.10285,1.53269
0.04518,0.10285,1.53269
0.04518,0.10285,1.53269
0.04518,0.10285,1.53269
0.04518,0.10285,1.53269
0.04518,0.10285,1.53269
0.04518,0.10285,1.53269
0.04518,0.10285,1.53269
0.04518,0.10285,1.53269
0.04518,0.10285,1.53269
0.04518,0.10285,1.53269
0.04518,0.10285,1.53269
0.04518,0.10285,1.53269
0.04518,0.10285,1.53269
0.04518,0.10285,1.53269
0.04518,0.10285,1.53269
0.04518,0.10285,1.53269
0.04518,0.10285,1.53269
0.04518,0.10285,1.53269
0.04518,0.10285,1.53269
0.04518,0.10285,1.53269
0.04518,0.10285,1.53269
0.04518,0.10285,1.53269
0.04518,0.10285,1.53269
0.04518,0.10285,1.53269
0.04518,0.10285,1.53269
0.04518,0.10285,1.53269
0.04518,0.10285,1.53269
0.04518,0.10285,1.53269
0.04518,0.10285,1.53269
0.04518,0.10285,1.53269
0.04518,0.10285,1.53269
0.04518,0.10285,1.53269
0.04518,0.10285,1.53269
0.04518,0.10285,1.53269
0.04518,0.10285,1.53269
0.04518,0.10285,1.53269
0.04518,0.10285,1.53269
0.04518,0.10285,1.53269
0.04518,0.10285,1.53269
0.04518,0.10285,1.53269
0.04518,0.10285,1.53269
0.04518,0.10285,1.53269
0.04518,0.10285,1.53269
0.04518,0.10285,1.53269
0.04518,0.10285,1.53269
0.04518,0.10285,1.53269
0.04518,0.10285,1.53269
0.04518,0.10285,1.53269
0.04518,0.10285,1.53269
0.04518,0.10285,1.53269
0.04518,0.10285,1.53269
0.04518,0.10285,1.53269
0.04518,0.10285,1.53269
0.04518,0.10285,1.53269
0.04518,0.10285,1.53269
0.04518,0.10285,1.53269
0.04518,0.10285,1.53269
0.04518,0.10285,1.53269
0.04518,0.10285,1.53269
0.04518,0.10285,1.53269
0.04518,0.10285,1.53269
0.04518,0.10285,1.53269
0.04518,0.10285,1.53269
0.04518,0.10285,1.53269
0.04518,0.10285,1.53269
0.04518,0.10285,1.53269
0.04518,0.10285,1.53269
0.04518,0.10285,1.53269
0.04518,0.10285,1.53269
0.04518,0.10285,1.53269
0.04518,0.10285,1.53269
0.04518,0.10285,1.53269
0.04518,0.10285,1.53269
0.04518,0.10285,1.53269
0.04518,0.10285,1.53269
0.04518,0.10285,1.53269
0.04518,0.10285,1.53269
0.04518,0.10285,1.53269
0.04518,0.10285,1.53269
0.04518,0.10285,1.53269
0.04518,0.10285,1.53269
0.04518,0.10285,1.53269
0.04518,0.10285,1.53269
0.04518,0.10285,1.53269
0.04518,0.10285,1.53269
0.04518,0.10285,1.53269
0.04518,0.10285,1.53269
0.04518,0.10285,1.53269
0.04518,0.10285,1.53269
0.04518,0.10285,1.53269
0.04518,0.10285,1.53269
0.04518,0.10285,1.53269
0.04518,0.10285,1.53269
0.04518,0.10285,1.53269
0.04518,0.10285,1.53269
0.04518,0.10285,1.53269
0.04518,0.10285,1.53269
0.04518,0.10285,1.53269
0.04518,0.10285,1.53269
0.04518,0.10285,1.53269
0.04518,0.10285,1.53269
0.04518,0.10285,1.53269
0.04518,0.10285,1.53269
0.04518,0.10285,1.53269
0.04518,0.10285,1.53269
0.04518,0.10285,1.53269
0.04518,0.10285,1.53269
0.04518,0.10285,1.53269
0.04518,0.10285,1.53269
0.04518,0.10285,1.53269
0.04518,0.10285,1.53269
0.04518,0.10285,1.53269
0.04518,0.10285,1.53269
0.04518,0.10285,1.53269
0.04518,0.10285,1.53269
0.04518,0.10285,1.53269
0.04518,0.10285,1.53269
0.04518,0.10285,1.53269
0.04518,0.10285,1.53269
0.04518,0.10285,1.53269
0.04518,0.10285,1.53269
0.04518,0.10285,1.53269
0.04518,0.10285,1.53269
0.04518,0.10285,1.53269
0.04518,0.10285,1.53269
0.04518,0.10285,1.53269
0.04518,0.10285,1.53269
0.04518,0.10285,1.53269
0.04518,0.10285,1.53269
0.04518,0.10285,1.53269
0.04518,0.10285,1.53269
0.04518,0.10285,1.53269
0.04518,0.10285,1.53269
0.04518,0.10285,1.53269
0.04518,0.10285,1.53269
0.04518,0.10285,1.53269
0.04518,0.10285,1.53269
0.04518,0.10285,1.53269
0.04518,0.10285,1.53269
0.04518,0.10285,1.53269
0.04518,0.10285,1.53269
0.04518,0.10285,1.53269
0.04518,0.10285,1.53269
0.04518,0.10285,1.53269
0.04518,0.10285,1.53269
0.04518,0.10285,1.53269
0.04518,0.10285,1.53269
0.04518,0.10285,1.53269
0.04518,0.10285,1.53269
0.04518,0.10285,1.53269
0.04518,0.10285,1.53269
0.04518,0.10285,1.53269
0.04518,0.10285,1.53269
0.04518,0.10285,1.53269
0.04518,0.10285,1.53269
0.04518,0.10285,1.53269
0.04518,0.10285,1.53269
0.04518,0.10285,1.53269
0.04518,0.10285,1.53269
0.04518,0.10285,1.53269
0.04518,0.10285,1.53269
0.04518,0.10285,1.53269
0.04518,0.10285,1.53269
0.04518,0.10285,1.53269
0.04518,0.10285,1.53269
0.04518,0.10285,1.53269
0.04518,0.10285,1.53269
0.04518,0.10285,1.53269
0.04518,0.10285,1.53269
0.04518,0.10285,1.53269
0.04518,0.10285,1.53269
0.04518,0.10285,1.53269
0.04518,0.10285,1.53269
0.04518,0.10285,1.53269
0.04518,0.10285,1.53269
0.04518,0.10285,1.53269
0.04518,0.10285,1.53269
0.04518,0.10285,1.53269
0.04518,0.10285,1.53269
0.04518,0.10285,1.53269
0.04518,0.10285,1.53269
0.04518,0.10285,1.53269
0.04518,0.10285,1.53269
0.04518,0.10285,1.53269
0.04518,0.10285,1.53269
0.04518,0.10285,1.53269
0.04518,0.10285,1.53269
0.04518,0.10285,1.53269
0.04518,0.10285,1.53269
0.04518,0.10285,1.53269
0.04518,0.10285,1.53269
0.04518,0.10285,1.53269
0.04518,0.10285,1.53269
0.04518,0.10285,1.53269
0.04518,0.10285,1.53269
0.04518,0.10285,1.53269
0.04518,0.10285,1.53269
0.04518,0.10285,1.53269
0.04518,0.10285,1.53269
0.04518,0.10285,1.53269
0.04518,0.10285,1.53269
0.04518,0.10285,1.53269
0.04518,0.10285,1.53269
0.04518,0.10285,1.53269
0.04518,0.10285,1.53269
0.04518,0.10285,1.53269
0.04518,0.10285,1.53269
0.04518,0.10285,1.53269
0.04518,0.10285,1.53269
0.04518,0.10285,1.53269
0.04518,0.10285,1.53269
0.04518,0.10285,1.53269
0.04518,0.10285,1.53269
0.04518,0.10285,1.53269
0.04518,0.10285,1.53269
0.04518,0.10285,1.53269
0.04518,0.10285,1.53269
0.04518,0.10285,1.53269
0.04518,0.10285,1.53269
0.04518,0.10285,1.53269
0.04518,0.10285,1.53269
0.04518,0.10285,1.53269
0.04518,0.10285,1.53269
0.04518,0.10285,1.53269
0.04518,0.10285,1.53269
0.04518,0.10285,1.53269
0.04518,0.10285,1.53269
0.04518,0.10285,1.53269
0.04518,0.10285,1.53269
0.04518,0.10285,1.53269
0.04518,0.10285,1.53269
0.04518,0.10285,1.53269
0.04518,0.10285,1.53269
0.04518,0.10285,1.53269
0.04518,0.10285,1.53269
0.04518,0.10285,1.53269
0.04518,0.10285,1.53269
0.04518,0.10285,1.53269
0.04518,0.10285,1.53269
0.04518,0.10285,1.53269
0.04518,0.10285,1.53269
0.04518,0.10285,1.53269
0.04518,0.10285,1.53269
0.04518,0.10285,1.53269
0.04518,0.10285,1.53269
0.04518,0.10285,1.53269
0.04518,0.10285,1.53269
0.04518,0.10285,1.53269
0.04518,0.10285,1.53269
0.04518,0.10285,1.53269
0.04518,0.10285,1.53269
0.04518,0.10285,1.53269
0.04518,0.10285,1.53269
0.04518,0.10285,1.53269
0.04518,0.10285,1.53269
0.04518,0.10285,1.53269
0.04518,0.10285,1.53269
0.04518,0.10285,1.53269
0.04518,0.10285,1.53269
0.04518,0.10285,1.53269
0.04518,0.10285,1.53269
0.04518,0.10285,1.53269
0.04518,0.10285,1.53269
0.04518,0.10285,1.53269
0.04518,0.10285,1.53269
0.04518,0.10285,1.53269
0.04518,0.10285,1.53269
0.04518,0.10285,1.53269
0.04518,0.10285,1.53269
0.04518,0.10285,1.53269
0.04518,0.10285,1.53269
0.04518,0.10285,1.53269
0.04518,0.10285,1.53269
0.04518,0.10285,1.53269
0.04518,0.10285,1.53269
0.04518,0.10285,1.53269
0.04518,0.10285,1.53269
0.04518,0.10285,1.53269
0.04518,0.10285,1.53269
0.04518,0.10285,1.53269
0.04518,0.10285,1.53269
0.04518,0.10285,1.53269
0.04518,0.10285,1.53269
0.04518,0.10285,1.53269
0.04518,0.10285,1.53269
0.04518,0.10285,1.53269
0.04518,0.10285,1.53269
0.04518,0.10285,1.53269
0.04518,0.10285,1.53269
0.04518,0.10285,1.53269
0.04518,0.10285,1.53269
0.04518,0.10285,1.53269
0.04518,0.10285,1.53269
0.04518,0.10285,1.53269
0.04518,0.10285,1.53269
0.04518,0.10285,1.53269
0.04518,0.10285,1.53269
0.04518,0.10285,1.53269
0.04518,0.10285,1.53269
0.04518,0.10285,1.53269
0.04518,0.10285,1.53269
0.04518,0.10285,1.53269
0.04518,0.10285,1.53269
0.04518,0.10285,1.53269
0.04518,0.10285,1.53269
0.04518,0.10285,1.53269
0.04518,0.10285,1.53269
0.04518,0.10285,1.53269
0.04518,0.10285,1.53269
0.04518,0.10285,1.53269
0.04518,0.10285,1.53269
0.04518,0.10285,1.53269
0.04518,0.10285,1.53269
0.04518,0.10285,1.53269
0.04518,0.10285,1.53269
0.04518,0.10285,1.53269
0.04518,0.10285,1.53269
0.04518,0.10285,1.53269
0.04518,0.10285,1.53269
0.04518,0.10285,1.53269
0.04518,0.10285,1.53269
0.04518,0.10285,1.53269
0.04518,0.10285,1.53269
0.04518,0.10285,1.53269
0.04518,0.10285,1.53269
0.04518,0.10285,1.53269
0.04518,0.10285,1.53269
0.04518,0.10285,1.53269
0.04518,0.10285,1.53269
0.04518,0.10285,1.53269
0.04518,0.10285,1.53269
0.04518,0.10285,1.53269
0.04518,0.10285,1.53269
0.04518,0.10285,1.53269
0.04518,0.10285,1.53269
0.04518,0.10285,1.53269
0.04518,0.10285,1.53269
0.04518,0.10285,1.53269
0.04518,0.10285,1.53269
0.04518,0.10285,1.53269
0.04518,0.10285,1.53269
0.04518,0.10285,1.53269
0.04518,0.10285,1.53269
0.04518,0.10285,1.53269
0.04518,0.10285,1.53269
0.04518,0.10285,1.53269
0.04518,0.10285,1.53269
0.04518,0.10285,1.53269
0.04518,0.10285,1.53269
0.04518,0.10285,1.53269
0.04518,0.10285,1.53269
0.04518,0.10285,1.53269
0.04518,0.10285,1.53269
0.04518,0.10285,1.53269
0.04518,0.10285,1.53269
0.04518,0.10285,1.53269
0.04518,0.10285,1.53269
0.04518,0.10285,1.53269
0.04518,0.10285,1.53269
0.04518,0.10285,1.53269
0.04518,0.10285,1.53269
0.04518,0.10285,1.53269
0.04518,0.10285,1.53269
0.04518,0.10285,1.53269
0.04518,0.10285,1.53269
0.04518,0.10285,1.53269
0.04518,0.10285,1.53269
0.04518,0.10285,1.53269
0.04518,0.10285,1.53269
0.04518,0.10285,1.53269
0.04518,0.10285,1.53269
0.04518,0.10285,1.53269
0.04518,0.10285,1.53269
0.04518,0.10285,1.53269
0.04518,0.10285,1.53269
0.04518,0.10285,1.53269
0.04518,0.10285,1.53269
0.04518,0.10285,1.53269
0.04518,0.10285,1.53269
0.04518,0.10285,1.53269
0.04518,0.10285,1.53269
0.04518,0.10285,1.53269
0.04518,0.10285,1.53269
0.04518,0.10285,1.53269
0.04518,0.10285,1.53269
0.04518,0.10285,1.53269
0.04518,0.10285,1.53269
0.04518,0.10285,1.53269
0.04518,0.10285,1.53269
0.04518,0.10285,1.53269
0.04518,0.10285,1.53269
0.04518,0.10285,1.53269
0.04518,0.10285,1.53269
0.04518,0.10285,1.53269
0.04518,0.10285,1.53269
0.04518,0.10285,1.53269
0.04518,0.10285,1.53269
0.04518,0.10285,1.53269
0.04518,0.10285,1.53269
0.04518,0.10285,1.53269
0.04518,0.10285,1.53269
0.04518,0.10285,1.53269
0.04518,0.10285,1.53269
0.04518,0.10285,1.53269
0.04518,0.10285,1.53269
0.04518,0.10285,1.53269
0.04518,0.10285,1.53269
0.04518,0.10285,1.53269
0.04518,0.10285,1.53269
0.04518,0.10285,1.53269
0.04518,0.10285,1.53269
0.04518,0.10285,1.53269
0.04518,0.10285,1.53269
0.04518,0.10285,1.53269
0.04518,0.10285,1.53269
0.04518,0.10285,1.53269
0.04518,0.10285,1.53269
0.04518,0.10285,1.53269
0.04518,0.10285,1.53269
0.04518,0.10285,1.53269
0.04518,0.10285,1.53269
0.04518,0.10285,1.53269
0.04518,0.10285,1.53269
0.04518,0.10285,1.53269
0.04518,0.10285,1.53269
0.04518,0.10285,1.53269
0.04518,0.10285,1.53269
0.04518,0.10285,1.53269
0.04518,0.10285,1.53269
0.04518,0.10285,1.53269
0.04518,0.10285,1.53269
0.04518,0.10285,1.53269
0.04518,0.10285,1.53269
0.04518,0.10285,1.53269
0.04518,0.10285,1.53269
0.04518,0.10285,1.53269
0.04518,0.10285,1.53269
0.04518,0.10285,1.53269
0.04518,0.10285,1.53269
0.04518,0.10285,1.53269
0.04518,0.10285,1.53269
0.04518,0.10285,1.53269
0.04518,0.10285,1.53269
0.04518,0.10285,1.53269
0.04518,0.10285,1.53269
0.04518,0.10285,1.53269
0.04518,0.10285,1.53269
0.04518,0.10285,1.53269
0.04518,0.10285,1.53269
0.04518,0.10285,1.53269
0.04518,0.10285,1.53269
0.04518,0.10285,1.53269
0.04518,0.10285,1.53269
0.04518,0.10285,1.53269
0.04518,0.10285,1.53269
0.04518,0.10285,1.53269
0.04518,0.10285,1.53269
0.04518,0.10285,1.53269
0.04518,0.10285,1.53269
0.04518,0.10285,1.53269
0.04373,0.12280,1.57618
0.04373,0.12280,1.57618
0.04373,0.12280,1.57618
0.04373,0.12280,1.57618
0.04373,0.12280,1.57618
0.04373,0.12280,1.57618
0.04373,0.12280,1.57618
0.04373,0.12280,1.57618
0.04373,0.12280,1.57618
0.04373,0.12280,1.57618
0.04373,0.12280,1.57618
0.04373,0.12280,1.57618
0.04373,0.12280,1.57618
0.04373,0.12280,1.57618
0.04373,0.12280,1.57618
0.04373,0.12280,1.57618
0.04373,0.12280,1.57618
0.04373,0.12280,1.57618
0.04373,0.12280,1.57618
0.04373,0.12280,1.57618
0.04373,0.12280,1.57618
0.04373,0.12280,1.57618
0.04373,0.12280,1.57618
0.04373,0.12280,1.57618
0.04373,0.12280,1.57618
0.04373,0.12280,1.57618
0.04373,0.12280,1.57618
0.04373,0.12280,1.57618
0.04373,0.12280,1.57618
0.04373,0.12280,1.57618
0.04373,0.12280,1.57618
0.04373,0.12280,1.57618
0.04373,0.12280,1.57618
0.04373,0.12280,1.57618
0.04373,0.12280,1.57618
0.04373,0.12280,1.57618
0.04373,0.12280,1.57618
0.04373,0.12280,1.57618
0.04373,0.12280,1.57618
0.04373,0.12280,1.57618
0.04373,0.12280,1.57618
0.04373,0.12280,1.57618
0.04373,0.12280,1.57618
0.04373,0.12280,1.57618
0.04373,0.12280,1.57618
0.04373,0.12280,1.57618
0.04373,0.12280,1.57618
0.04373,0.12280,1.57618
0.04373,0.12280,1.57618
0.04373,0.12280,1.57618
0.04373,0.12280,1.57618
0.04373,0.12280,1.57618
0.04373,0.12280,1.57618
0.04373,0.12280,1.57618
0.04373,0.12280,1.57618
0.04373,0.12280,1.57618
0.04373,0.12280,1.57618
0.04373,0.12280,1.57618
0.04373,0.12280,1.57618
0.04373,0.12280,1.57618
0.04373,0.12280,1.57618
0.04373,0.12280,1.57618
0.04373,0.12280,1.57618
0.04373,0.12280,1.57618
0.04373,0.12280,1.57618
0.04373,0.12280,1.57618
0.04373,0.12280,1.57618
0.04373,0.12280,1.57618
0.04373,0.12280,1.57618
0.04373,0.12280,1.57618
0.04373,0.12280,1.57618
0.04373,0.12280,1.57618
0.04373,0.12280,1.57618
0.04373,0.12280,1.57618
0.04373,0.12280,1.57618
0.04373,0.12280,1.57618
0.04373,0.12280,1.57618
0.04373,0.12280,1.57618
0.04373,0.12280,1.57618
0.04373,0.12280,1.57618
0.04373,0.12280,1.57618
0.04373,0.12280,1.57618
0.04373,0.12280,1.57618
0.04373,0.12280,1.57618
0.04373,0.12280,1.57618
0.04373,0.12280,1.57618
0.04373,0.12280,1.57618
0.04373,0.12280,1.57618
0.04373,0.12280,1.57618
0.04373,0.12280,1.57618
0.04373,0.12280,1.57618
0.04373,0.12280,1.57618
0.04373,0.12280,1.57618
0.04373,0.12280,1.57618
0.04373,0.12280,1.57618
0.04373,0.12280,1.57618
0.04373,0.12280,1.57618
0.04373,0.12280,1.57618
0.04373,0.12280,1.57618
0.04373,0.12280,1.57618
0.04373,0.12280,1.57618
0.04373,0.12280,1.57618
0.04373,0.12280,1.57618
0.04373,0.12280,1.57618
0.04373,0.12280,1.57618
0.04373,0.12280,1.57618
0.04373,0.12280,1.57618
0.04373,0.12280,1.57618
0.04373,0.12280,1.57618
0.04373,0.12280,1.57618
0.04373,0.12280,1.57618
0.04373,0.12280,1.57618
0.04373,0.12280,1.57618
0.04373,0.12280,1.57618
0.04373,0.12280,1.57618
0.04373,0.12280,1.57618
0.04373,0.12280,1.57618
0.04373,0.12280,1.57618
0.04373,0.12280,1.57618
0.04373,0.12280,1.57618
0.04373,0.12280,1.57618
0.04373,0.12280,1.57618
0.04373,0.12280,1.57618
0.04373,0.12280,1.57618
0.04373,0.12280,1.57618
0.04373,0.12280,1.57618
0.04373,0.12280,1.57618
0.04373,0.12280,1.57618
0.04373,0.12280,1.57618
0.04373,0.12280,1.57618
0.04373,0.12280,1.57618
0.04373,0.12280,1.57618
0.04373,0.12280,1.57618
0.04373,0.12280,1.57618
0.04373,0.12280,1.57618
0.04373,0.12280,1.57618
0.04373,0.12280,1.57618
0.04373,0.12280,1.57618
0.04373,0.12280,1.57618
0.04373,0.12280,1.57618
0.04373,0.12280,1.57618
0.04373,0.12280,1.57618
0.04373,0.12280,1.57618
0.04373,0.12280,1.57618
0.04373,0.12280,1.57618
0.04373,0.12280,1.57618
0.04373,0.12280,1.57618
0.04373,0.12280,1.57618
0.04373,0.12280,1.57618
0.04373,0.12280,1.57618
0.04373,0.12280,1.57618
0.04373,0.12280,1.57618
0.04373,0.12280,1.57618
0.04373,0.12280,1.57618
0.04373,0.12280,1.57618
0.04373,0.12280,1.57618
0.04373,0.12280,1.57618
0.04373,0.12280,1.57618
0.04373,0.12280,1.57618
0.04373,0.12280,1.57618
0.04373,0.12280,1.57618
0.04373,0.12280,1.57618
0.04373,0.12280,1.57618
0.04373,0.12280,1.57618
0.04373,0.12280,1.57618
0.04373,0.12280,1.57618
0.04373,0.12280,1.57618
0.04373,0.12280,1.57618
0.04373,0.12280,1.57618
0.04373,0.12280,1.57618
0.04373,0.12280,1.57618
0.04373,0.12280,1.57618
0.04373,0.12280,1.57618
0.04373,0.12280,1.57618
0.04373,0.12280,1.57618
0.04373,0.12280,1.57618
0.04373,0.12280,1.57618
0.04373,0.12280,1.57618
0.04373,0.12280,1.57618
0.04373,0.12280,1.57618
0.04373,0.12280,1.57618
0.04373,0.12280,1.57618
0.04373,0.12280,1.57618
0.04373,0.12280,1.57618
0.04373,0.12280,1.57618
0.04373,0.12280,1.57618
0.04373,0.12280,1.57618
0.04373,0.12280,1.57618
0.04373,0.12280,1.57618
0.04373,0.12280,1.57618
0.04373,0.12280,1.57618
0.04373,0.12280,1.57618
0.04373,0.12280,1.57618
0.04373,0.12280,1.57618
0.04373,0.12280,1.57618
0.04373,0.12280,1.57618
0.04373,0.12280,1.57618
0.04373,0.12280,1.57618
0.04373,0.12280,1.57618
0.04373,0.12280,1.57618
0.04373,0.12280,1.57618
0.04373,0.12280,1.57618
0.04373,0.12280,1.57618
0.04373,0.12280,1.57618
0.04373,0.12280,1.57618
0.04373,0.12280,1.57618
0.04373,0.12280,1.57618
0.04373,0.12280,1.57618
0.04373,0.12280,1.57618
0.04373,0.12280,1.57618
0.04373,0.12280,1.57618
0.04373,0.12280,1.57618
0.04373,0.12280,1.57618
0.04373,0.12280,1.57618
0.04373,0.12280,1.57618
0.04373,0.12280,1.57618
0.04373,0.12280,1.57618
0.04373,0.12280,1.57618
0.04373,0.12280,1.57618
0.04373,0.12280,1.57618
0.04373,0.12280,1.57618
0.04373,0.12280,1.57618
0.04373,0.12280,1.57618
0.04373,0.12280,1.57618
0.04373,0.12280,1.57618
0.04373,0.12280,1.57618
0.04373,0.12280,1.57618
0.04373,0.12280,1.57618
0.04373,0.12280,1.57618
0.04373,0.12280,1.57618
0.04373,0.12280,1.57618
0.04373,0.12280,1.57618
0.04373,0.12280,1.57618
0.04373,0.12280,1.57618
0.04373,0.12280,1.57618
0.04373,0.12280,1.57618
0.04373,0.12280,1.57618
0.04373,0.12280,1.57618
0.04373,0.12280,1.57618
0.04373,0.12280,1.57618
0.04373,0.12280,1.57618
0.04373,0.12280,1.57618
0.04373,0.12280,1.57618
0.04373,0.12280,1.57618
0.04373,0.12280,1.57618
0.04373,0.12280,1.57618
0.04373,0.12280,1.57618
0.04373,0.12280,1.57618
0.04373,0.12280,1.57618
0.04373,0.12280,1.57618
0.04373,0.12280,1.57618
0.04373,0.12280,1.57618
0.04373,0.12280,1.57618
0.04373,0.12280,1.57618
0.04373,0.12280,1.57618
0.04373,0.12280,1.57618
0.04373,0.12280,1.57618
0.04373,0.12280,1.57618
0.04373,0.12280,1.57618
0.04373,0.12280,1.57618
0.04373,0.12280,1.57618
0.04373,0.12280,1.57618
0.04373,0.12280,1.57618
0.04373,0.12280,1.57618
0.04373,0.12280,1.57618
0.04373,0.12280,1.57618
0.04373,0.12280,1.57618
0.04373,0.12280,1.57618
0.04373,0.12280,1.57618
0.04373,0.12280,1.57618
0.04373,0.12280,1.57618
0.04373,0.12280,1.57618
0.04373,0.12280,1.57618
0.04373,0.12280,1.57618
0.04373,0.12280,1.57618
0.04373,0.12280,1.57618
0.04373,0.12280,1.57618
0.04373,0.12280,1.57618
0.04373,0.12280,1.57618
0.04373,0.12280,1.57618
0.04373,0.12280,1.57618
0.04373,0.12280,1.57618
0.04373,0.12280,1.57618
0.04373,0.12280,1.57618
0.04373,0.12280,1.57618
0.04373,0.12280,1.57618
0.04373,0.12280,1.57618
0.04373,0.12280,1.57618
0.04373,0.12280,1.57618
0.04373,0.12280,1.57618
0.04373,0.12280,1.57618
0.04373,0.12280,1.57618
0.04373,0.12280,1.57618
0.04373,0.12280,1.57618
0.04373,0.12280,1.57618
0.04373,0.12280,1.57618
0.04373,0.12280,1.57618
0.04373,0.12280,1.57618
0.04373,0.12280,1.57618
0.04373,0.12280,1.57618
0.04373,0.12280,1.57618
0.04373,0.12280,1.57618
0.04373,0.12280,1.57618
0.04373,0.12280,1.57618
0.04373,0.12280,1.57618
0.04373,0.12280,1.57618
0.04373,0.12280,1.57618
0.04373,0.12280,1.57618
0.04373,0.12280,1.57618
0.04373,0.12280,1.57618
0.04373,0.12280,1.57618
0.04373,0.12280,1.57618
0.04373,0.12280,1.57618
0.04373,0.12280,1.57618
0.04373,0.12280,1.57618
0.04373,0.12280,1.57618
0.04373,0.12280,1.57618
0.04373,0.12280,1.57618
0.04373,0.12280,1.57618
0.04373,0.12280,1.57618
0.04373,0.12280,1.57618
0.04373,0.12280,1.57618
0.04373,0.12280,1.57618
0.04373,0.12280,1.57618
0.04373,0.12280,1.57618
0.04373,0.12280,1.57618
0.04373,0.12280,1.57618
0.04373,0.12280,1.57618
0.04373,0.12280,1.57618
0.04373,0.12280,1.57618
0.04373,0.12280,1.57618
0.04373,0.12280,1.57618
0.04373,0.12280,1.57618
0.04373,0.12280,1.57618
0.04373,0.12280,1.57618
0.04373,0.12280,1.57618
0.04373,0.12280,1.57618
0.04373,0.12280,1.57618
0.04373,0.12280,1.57618
0.04373,0.12280,1.57618
0.04373,0.12280,1.57618
0.04373,0.12280,1.57618
0.04373,0.12280,1.57618
0.04373,0.12280,1.57618
0.04373,0.12280,1.57618
0.04373,0.12280,1.57618
0.04373,0.12280,1.57618
0.04373,0.12280,1.57618
0.04373,0.12280,1.57618
0.04373,0.12280,1.57618
0.04373,0.12280,1.57618
0.04373,0.12280,1.57618
0.04373,0.12280,1.57618
0.04373,0.12280,1.57618
0.04373,0.12280,1.57618
0.04373,0.12280,1.57618
0.04373,0.12280,1.57618
0.04373,0.12280,1.57618
0.04373,0.12280,1.57618
0.04373,0.12280,1.57618
0.04373,0.12280,1.57618
0.04373,0.12280,1.57618
0.04373,0.12280,1.57618
0.04373,0.12280,1.57618
0.04373,0.12280,1.57618
0.04373,0.12280,1.57618
0.04373,0.12280,1.57618
0.04373,0.12280,1.57618
0.04373,0.12280,1.57618
0.04373,0.12280,1.57618
0.04373,0.12280,1.57618
0.04373,0.12280,1.57618
0.04373,0.12280,1.57618
0.04373,0.12280,1.57618
0.04373,0.12280,1.57618
0.04373,0.12280,1.57618
0.04373,0.12280,1.57618
0.04373,0.12280,1.57618
0.04373,0.12280,1.57618
0.04373,0.12280,1.57618
0.04373,0.12280,1.57618
0.04373,0.12280,1.57618
0.04373,0.12280,1.57618
0.04373,0.12280,1.57618
0.04373,0.12280,1.57618
0.04373,0.12280,1.57618
0.04373,0.12280,1.57618
0.04373,0.12280,1.57618
0.04373,0.12280,1.57618
0.04373,0.12280,1.57618
0.04373,0.12280,1.57618
0.04373,0.12280,1.57618
0.04373,0.12280,1.57618
0.04373,0.12280,1.57618
0.04373,0.12280,1.57618
0.04373,0.12280,1.57618
0.04373,0.12280,1.57618
0.04373,0.12280,1.57618
0.04373,0.12280,1.57618
0.04373,0.12280,1.57618
0.04373,0.12280,1.57618
0.04373,0.12280,1.57618
0.04373,0.12280,1.57618
0.04373,0.12280,1.57618
0.04373,0.12280,1.57618
0.04373,0.12280,1.57618
0.04373,0.12280,1.57618
0.04373,0.12280,1.57618
0.04373,0.12280,1.57618
0.04373,0.12280,1.57618
0.04373,0.12280,1.57618
0.04373,0.12280,1.57618
0.04373,0.12280,1.57618
0.04373,0.12280,1.57618
0.04373,0.12280,1.57618
0.04373,0.12280,1.57618
0.04373,0.12280,1.57618
0.04373,0.12280,1.57618
0.04373,0.12280,1.57618
0.04373,0.12280,1.57618
0.04373,0.12280,1.57618
0.04373,0.12280,1.57618
0.04373,0.12280,1.57618
0.04373,0.12280,1.57618
0.04373,0.12280,1.57618
0.04373,0.12280,1.57618
0.04373,0.12280,1.57618
0.04373,0.12280,1.57618
0.04373,0.12280,1.57618
0.04373,0.12280,1.57618
0.04373,0.12280,1.57618
0.04373,0.12280,1.57618
0.04373,0.12280,1.57618
0.04373,0.12280,1.57618
0.04373,0.12280,1.57618
0.04373,0.12280,1.57618
0.04373,0.12280,1.57618
0.04373,0.12280,1.57618
0.04373,0.12280,1.57618
0.04373,0.12280,1.57618
0.04373,0.12280,1.57618
0.04373,0.12280,1.57618
0.04373,0.12280,1.57618
0.04373,0.12280,1.57618
0.04373,0.12280,1.57618
0.04373,0.12280,1.57618
0.04373,0.12280,1.57618
0.04373,0.12280,1.57618
0.04373,0.12280,1.57618
0.04373,0.12280,1.57618
0.04373,0.12280,1.57618
0.04373,0.12280,1.57618
0.04373,0.12280,1.57618
0.04373,0.12280,1.57618
0.04373,0.12280,1.57618
0.04373,0.12280,1.57618
0.04373,0.12280,1.57618
0.04373,0.12280,1.57618
0.04373,0.12280,1.57618
0.04373,0.12280,1.57618
0.04373,0.12280,1.57618
0.04373,0.12280,1.57618
0.04373,0.12280,1.57618
0.04373,0.12280,1.57618
0.04373,0.12280,1.57618
0.04373,0.12280,1.57618
0.04373,0.12280,1.57618
0.04373,0.12280,1.57618
0.04373,0.12280,1.57618
0.04373,0.12280,1.57618
0.04373,0.12280,1.57618
0.04373,0.12280,1.57618
0.04373,0.12280,1.57618
0.04373,0.12280,1.57618
0.04373,0.12280,1.57618
0.04373,0.12280,1.57618
0.04373,0.12280,1.57618
0.04373,0.12280,1.57618
0.04373,0.12280,1.57618
0.04373,0.12280,1.57618
0.04373,0.12280,1.57618
0.04373,0.12280,1.57618
0.04373,0.12280,1.57618
0.04373,0.12280,1.57618
0.04373,0.12280,1.57618
0.04373,0.12280,1.57618
0.04373,0.12280,1.57618
0.04373,0.12280,1.57618
0.04373,0.12280,1.57618
0.04373,0.12280,1.57618
0.04373,0.12280,1.57618
0.04373,0.12280,1.57618
0.04373,0.12280,1.57618
0.04373,0.12280,1.57618
0.04373,0.12280,1.57618
0.04373,0.12280,1.57618
0.04373,0.12280,1.57618
0.04373,0.12280,1.57618
0.04373,0.12280,1.57618
0.04373,0.12280,1.57618
0.04373,0.12280,1.57618
0.04373,0.12280,1.57618
0.04373,0.12280,1.57618
0.04373,0.12280,1.57618
0.04373,0.12280,1.57618
0.04373,0.12280,1.57618
0.04373,0.12280,1.57618
0.04373,0.12280,1.57618
0.04373,0.12280,1.57618
0.04373,0.12280,1.57618
0.04373,0.12280,1.57618
0.04373,0.12280,1.57618
0.04373,0.12280,1.57618
0.04373,0.12280,1.57618
0.04373,0.12280,1.57618
0.04373,0.12280,1.57618
0.04373,0.12280,1.57618
0.04373,0.12280,1.57618
0.04373,0.12280,1.57618
0.04373,0.12280,1.57618
0.04373,0.12280,1.57618
0.04373,0.12280,1.57618
0.04373,0.12280,1.57618
0.04373,0.12280,1.57618
0.04373,0.12280,1.57618
0.04373,0.12280,1.57618
0.04373,0.12280,1.57618
0.04373,0.12280,1.57618
0.04373,0.12280,1.57618
0.04373,0.12280,1.57618
0.04373,0.12280,1.57618
0.04373,0.12280,1.57618
0.04373,0.12280,1.57618
0.04373,0.12280,1.57618
0.04373,0.12280,1.57618
0.04373,0.12280,1.57618
0.04373,0.12280,1.57618
0.04373,0.12280,1.57618
0.04373,0.12280,1.57618
0.04373,0.12280,1.57618
0.04373,0.12280,1.57618
0.04373,0.12280,1.57618
0.04373,0.12280,1.57618
0.04373,0.12280,1.57618
0.04373,0.12280,1.57618
0.04373,0.12280,1.57618
0.04373,0.12280,1.57618
0.04373,0.12280,1.57618
0.04373,0.12280,1.57618
0.04373,0.12280,1.57618
0.04373,0.12280,1.57618
0.04373,0.12280,1.57618
0.04373,0.12280,1.57618
0.04373,0.12280,1.57618
0.04373,0.12280,1.57618
0.04373,0.12280,1.57618
0.04373,0.12280,1.57618
0.04373,0.12280,1.57618
0.04373,0.12280,1.57618
0.04373,0.12280,1.57618
0.04373,0.12280,1.57618
0.04373,0.12280,1.57618
0.04373,0.12280,1.57618
0.04373,0.12280,1.57618
0.04373,0.12280,1.57618
0.04373,0.12280,1.57618
0.04373,0.12280,1.57618
0.04373,0.12280,1.57618
0.04373,0.12280,1.57618
0.04373,0.12280,1.57618
0.04373,0.12280,1.57618
0.04373,0.12280,1.57618
0.04373,0.12280,1.57618
0.04373,0.12280,1.57618
0.04373,0.12280,1.57618
0.04373,0.12280,1.57618
0.04373,0.12280,1.57618
0.04373,0.12280,1.57618
0.04373,0.12280,1.57618
0.04373,0.12280,1.57618
0.04373,0.12280,1.57618
0.04373,0.12280,1.57618
0.04373,0.12280,1.57618
0.04373,0.12280,1.57618
0.04373,0.12280,1.57618
0.04373,0.12280,1.57618
0.04373,0.12280,1.57618
0.04373,0.12280,1.57618
0.04373,0.12280,1.57618
0.04373,0.12280,1.57618
0.04373,0.12280,1.57618
0.04373,0.12280,1.57618
0.04373,0.12280,1.57618
0.04373,0.12280,1.57618
0.04373,0.12280,1.57618
0.04373,0.12280,1.57618
0.04373,0.12280,1.57618
0.04373,0.12280,1.57618
0.04373,0.12280,1.57618
0.04373,0.12280,1.57618
0.04373,0.12280,1.57618
0.04373,0.12280,1.57618
0.04373,0.12280,1.57618
0.04373,0.12280,1.57618
0.04373,0.12280,1.57618
0.04373,0.12280,1.57618
0.04373,0.12280,1.57618
0.04373,0.12280,1.57618
0.04373,0.12280,1.57618
0.04373,0.12280,1.57618
0.04373,0.12280,1.57618
0.04373,0.12280,1.57618
0.04373,0.12280,1.57618
0.04373,0.12280,1.57618
0.04373,0.12280,1.57618
0.04373,0.12280,1.57618
0.04373,0.12280,1.57618
0.04373,0.12280,1.57618
0.04373,0.12280,1.57618
0.04373,0.12280,1.57618
0.04373,0.12280,1.57618
0.04373,0.12280,1.57618
0.04373,0.12280,1.57618
0.04373,0.12280,1.57618
0.04373,0.12280,1.57618
0.04373,0.12280,1.57618
0.04373,0.12280,1.57618
0.04373,0.12280,1.57618
0.04373,0.12280,1.57618
0.04373,0.12280,1.57618
0.04373,0.12280,1.57618
0.04373,0.12280,1.57618
0.04373,0.12280,1.57618
0.04373,0.12280,1.57618
0.04373,0.12280,1.57618
0.04373,0.12280,1.57618
0.04373,0.12280,1.57618
0.04373,0.12280,1.57618
0.04373,0.12280,1.57618
0.04373,0.12280,1.57618
0.04373,0.12280,1.57618
0.04373,0.12280,1.57618
0.04373,0.12280,1.57618
0.04373,0.12280,1.57618
0.04373,0.12280,1.57618
0.04373,0.12280,1.57618
0.04373,0.12280,1.57618
0.04373,0.12280,1.57618
0.04373,0.12280,1.57618
0.04373,0.12280,1.57618
0.04373,0.12280,1.57618
0.04373,0.12280,1.57618
0.04373,0.12280,1.57618
0.04373,0.12280,1.57618
0.04373,0.12280,1.57618
0.04373,0.12280,1.57618
0.04373,0.12280,1.57618
0.04373,0.12280,1.57618
0.04373,0.12280,1.57618
0.04373,0.12280,1.57618
0.04373,0.12280,1.57618
0.04373,0.12280,1.57618
0.04373,0.12280,1.57618
0.04373,0.12280,1.57618
0.04373,0.12280,1.57618
0.04373,0.12280,1.57618
0.04373,0.12280,1.57618
0.04373,0.12280,1.57618
0.04373,0.12280,1.57618
0.04373,0.12280,1.57618
0.04373,0.12280,1.57618
0.04373,0.12280,1.57618
0.04373,0.12280,1.57618
0.04373,0.12280,1.57618
0.04373,0.12280,1.57618
0.04373,0.12280,1.57618
0.04373,0.12280,1.57618
0.04373,0.12280,1.57618
0.04373,0.12280,1.57618
0.04373,0.12280,1.57618
0.04373,0.12280,1.57618
0.04373,0.12280,1.57618
0.04373,0.12280,1.57618
0.04373,0.12280,1.57618
0.04373,0.12280,1.57618
0.04373,0.12280,1.57618
0.04373,0.12280,1.57618
0.04373,0.12280,1.57618
0.04373,0.12280,1.57618
0.04373,0.12280,1.57618
0.04373,0.12280,1.57618
0.04373,0.12280,1.57618
0.04373,0.12280,1.57618
0.04373,0.12280,1.57618
0.04373,0.12280,1.57618
0.04373,0.12280,1.57618
0.04373,0.12280,1.57618
0.04373,0.12280,1.57618
0.04373,0.12280,1.57618
0.04373,0.12280,1.57618
0.04373,0.12280,1.57618
0.04373,0.12280,1.57618
0.04373,0.12280,1.57618
0.04373,0.12280,1.57618
0.04373,0.12280,1.57618
0.04373,0.12280,1.57618
0.04373,0.12280,1.57618
0.04373,0.12280,1.57618
0.04373,0.12280,1.57618
0.04373,0.12280,1.57618
0.04373,0.12280,1.57618
0.04373,0.12280,1.57618
0.04373,0.12280,1.57618
0.04373,0.12280,1.57618
0.04373,0.12280,1.57618
0.04373,0.12280,1.57618
0.04373,0.12280,1.57618
0.04373,0.12280,1.57618
0.04373,0.12280,1.57618
0.04373,0.12280,1.57618
0.04373,0.12280,1.57618
0.04373,0.12280,1.57618
0.04373,0.12280,1.57618
0.04373,0.12280,1.57618
0.04373,0.12280,1.57618
0.04373,0.12280,1.57618
0.04373,0.12280,1.57618
0.04373,0.12280,1.57618
0.04373,0.12280,1.57618
0.04373,0.12280,1.57618
0.04373,0.12280,1.57618
0.04373,0.12280,1.57618
0.04373,0.12280,1.57618
0.04373,0.12280,1.57618
0.04373,0.12280,1.57618
0.04373,0.12280,1.57618
0.04373,0.12280,1.57618
0.04373,0.12280,1.57618
0.04373,0.12280,1.57618
0.04373,0.12280,1.57618
0.04373,0.12280,1.57618
0.04373,0.12280,1.57618
0.04373,0.12280,1.57618
0.04373,0.12280,1.57618
0.04373,0.12280,1.57618
0.04373,0.12280,1.57618
0.04373,0.12280,1.57618
0.04373,0.12280,1.57618
0.04373,0.12280,1.57618
0.04373,0.12280,1.57618
0.04373,0.12280,1.57618
0.04373,0.12280,1.57618
0.04373,0.12280,1.57618
0.04373,0.12280,1.57618
0.04373,0.12280,1.57618
0.04373,0.12280,1.57618
0.04373,0.12280,1.57618
0.04373,0.12280,1.57618
0.04373,0.12280,1.57618
0.04373,0.12280,1.57618
0.04373,0.12280,1.57618
0.04373,0.12280,1.57618
0.04373,0.12280,1.57618
0.04373,0.12280,1.57618
0.04373,0.12280,1.57618
0.04373,0.12280,1.57618
0.04373,0.12280,1.57618
0.04373,0.12280,1.57618
0.04373,0.12280,1.57618
0.04373,0.12280,1.57618
0.04373,0.12280,1.57618
0.04373,0.12280,1.57618
0.04373,0.12280,1.57618
0.04373,0.12280,1.57618
0.04373,0.12280,1.57618
0.04373,0.12280,1.57618
0.04373,0.12280,1.57618
0.04373,0.12280,1.57618
0.04373,0.12280,1.57618
0.04373,0.12280,1.57618
0.04373,0.12280,1.57618
0.04373,0.12280,1.57618
0.04373,0.12280,1.57618
0.04373,0.12280,1.57618
0.04373,0.12280,1.57618
0.04373,0.12280,1.57618
0.04373,0.12280,1.57618
0.04373,0.12280,1.57618
0.04373,0.12280,1.57618
0.04373,0.12280,1.57618
0.04373,0.12280,1.57618
0.04373,0.12280,1.57618
0.06518,0.11285,1.61177
0.06518,0.11285,1.61177
0.06518,0.11285,1.61177
0.06518,0.11285,1.61177
0.06518,0.11285,1.61177
0.06518,0.11285,1.61177
0.06518,0.11285,1.61177
0.06518,0.11285,1.61177
0.06518,0.11285,1.61177
0.06518,0.11285,1.61177
0.06518,0.11285,1.61177
0.06518,0.11285,1.61177
0.06518,0.11285,1.61177
0.06518,0.11285,1.61177
0.06518,0.11285,1.61177
0.06518,0.11285,1.61177
0.06518,0.11285,1.61177
0.06518,0.11285,1.61177
0.06518,0.11285,1.61177
0.06518,0.11285,1.61177
0.06518,0.11285,1.61177
0.06518,0.11285,1.61177
0.06518,0.11285,1.61177
0.06518,0.11285,1.61177
0.06518,0.11285,1.61177
0.06518,0.11285,1.61177
0.06518,0.11285,1.61177
0.06518,0.11285,1.61177
0.06518,0.11285,1.61177
0.06518,0.11285,1.61177
0.06518,0.11285,1.61177
0.06518,0.11285,1.61177
0.06518,0.11285,1.61177
0.06518,0.11285,1.61177
0.06518,0.11285,1.61177
0.06518,0.11285,1.61177
0.06518,0.11285,1.61177
0.06518,0.11285,1.61177
0.06518,0.11285,1.61177
0.06518,0.11285,1.61177
0.06518,0.11285,1.61177
0.06518,0.11285,1.61177
0.06518,0.11285,1.61177
0.06518,0.11285,1.61177
0.06518,0.11285,1.61177
0.06518,0.11285,1.61177
0.06518,0.11285,1.61177
0.06518,0.11285,1.61177
0.06518,0.11285,1.61177
0.06518,0.11285,1.61177
0.06518,0.11285,1.61177
0.06518,0.11285,1.61177
0.06518,0.11285,1.61177
0.06518,0.11285,1.61177
0.06518,0.11285,1.61177
0.06518,0.11285,1.61177
0.06518,0.11285,1.61177
0.06518,0.11285,1.61177
0.06518,0.11285,1.61177
0.06518,0.11285,1.61177
0.06518,0.11285,1.61177
0.06518,0.11285,1.61177
0.06518,0.11285,1.61177
0.06518,0.11285,1.61177
0.06518,0.11285,1.61177
0.06518,0.11285,1.61177
0.06518,0.11285,1.61177
0.06518,0.11285,1.61177
0.06518,0.11285,1.61177
0.06518,0.11285,1.61177
0.06518,0.11285,1.61177
0.06518,0.11285,1.61177
0.06518,0.11285,1.61177
0.06518,0.11285,1.61177
0.06518,0.11285,1.61177
0.06518,0.11285,1.61177
0.06518,0.11285,1.61177
0.06518,0.11285,1.61177
0.06518,0.11285,1.61177
0.06518,0.11285,1.61177
0.06518,0.11285,1.61177
0.06518,0.11285,1.61177
0.06518,0.11285,1.61177
0.06518,0.11285,1.61177
0.06518,0.11285,1.61177
0.06518,0.11285,1.61177
0.06518,0.11285,1.61177
0.06518,0.11285,1.61177
0.06518,0.11285,1.61177
0.06518,0.11285,1.61177
0.06518,0.11285,1.61177
0.06518,0.11285,1.61177
0.06518,0.11285,1.61177
0.06518,0.11285,1.61177
0.06518,0.11285,1.61177
0.06518,0.11285,1.61177
0.06518,0.11285,1.61177
0.06518,0.11285,1.61177
0.06518,0.11285,1.61177
0.06518,0.11285,1.61177
0.06518,0.11285,1.61177
0.06518,0.11285,1.61177
0.06518,0.11285,1.61177
0.06518,0.11285,1.61177
0.06518,0.11285,1.61177
0.06518,0.11285,1.61177
0.06518,0.11285,1.61177
0.06518,0.11285,1.61177
0.06518,0.11285,1.61177
0.06518,0.11285,1.61177
0.06518,0.11285,1.61177
0.06518,0.11285,1.61177
0.06518,0.11285,1.61177
0.06518,0.11285,1.61177
0.06518,0.11285,1.61177
0.06518,0.11285,1.61177
0.06518,0.11285,1.61177
0.06518,0.11285,1.61177
0.06518,0.11285,1.61177
0.06518,0.11285,1.61177
0.06518,0.11285,1.61177
0.06518,0.11285,1.61177
0.06518,0.11285,1.61177
0.06518,0.11285,1.61177
0.06518,0.11285,1.61177
0.06518,0.11285,1.61177
0.06518,0.11285,1.61177
0.06518,0.11285,1.61177
0.06518,0.11285,1.61177
0.06518,0.11285,1.61177
0.06518,0.11285,1.61177
0.06518,0.11285,1.61177
0.06518,0.11285,1.61177
0.06518,0.11285,1.61177
0.06518,0.11285,1.61177
0.06518,0.11285,1.61177
0.06518,0.11285,1.61177
0.06518,0.11285,1.61177
0.06518,0.11285,1.61177
0.06518,0.11285,1.61177
0.06518,0.11285,1.61177
0.06518,0.11285,1.61177
0.06518,0.11285,1.61177
0.06518,0.11285,1.61177
0.06518,0.11285,1.61177
0.06518,0.11285,1.61177
0.06518,0.11285,1.61177
0.06518,0.11285,1.61177
0.06518,0.11285,1.61177
0.06518,0.11285,1.61177
0.06518,0.11285,1.61177
0.06518,0.11285,1.61177
0.06518,0.11285,1.61177
0.06518,0.11285,1.61177
0.06518,0.11285,1.61177
0.06518,0.11285,1.61177
0.06518,0.11285,1.61177
0.06518,0.11285,1.61177
0.06518,0.11285,1.61177
0.06518,0.11285,1.61177
0.06518,0.11285,1.61177
0.06518,0.11285,1.61177
0.06518,0.11285,1.61177
0.06518,0.11285,1.61177
0.06518,0.11285,1.61177
0.06518,0.11285,1.61177
0.06518,0.11285,1.61177
0.06518,0.11285,1.61177
0.06518,0.11285,1.61177
0.06518,0.11285,1.61177
0.06518,0.11285,1.61177
0.06518,0.11285,1.61177
0.06518,0.11285,1.61177
0.06518,0.11285,1.61177
0.06518,0.11285,1.61177
0.06518,0.11285,1.61177
0.06518,0.11285,1.61177
0.06518,0.11285,1.61177
0.06518,0.11285,1.61177
0.06518,0.11285,1.61177
0.06518,0.11285,1.61177
0.06518,0.11285,1.61177
0.06518,0.11285,1.61177
0.06518,0.11285,1.61177
0.06518,0.11285,1.61177
0.06518,0.11285,1.61177
0.06518,0.11285,1.61177
0.06518,0.11285,1.61177
0.06518,0.11285,1.61177
0.06518,0.11285,1.61177
0.06518,0.11285,1.61177
0.06518,0.11285,1.61177
0.06518,0.11285,1.61177
0.06518,0.11285,1.61177
0.06518,0.11285,1.61177
0.06518,0.11285,1.61177
0.06518,0.11285,1.61177
0.06518,0.11285,1.61177
0.06518,0.11285,1.61177
0.06518,0.11285,1.61177
0.06518,0.11285,1.61177
0.06518,0.11285,1.61177
0.06518,0.11285,1.61177
0.06518,0.11285,1.61177
0.06518,0.11285,1.61177
0.06518,0.11285,1.61177
0.06518,0.11285,1.61177
0.06518,0.11285,1.61177
0.06518,0.11285,1.61177
0.06518,0.11285,1.61177
0.06518,0.11285,1.61177
0.06518,0.11285,1.61177
0.06518,0.11285,1.61177
0.06518,0.11285,1.61177
0.06518,0.11285,1.61177
0.06518,0.11285,1.61177
0.06518,0.11285,1.61177
0.06518,0.11285,1.61177
0.06518,0.11285,1.61177
0.06518,0.11285,1.61177
0.06518,0.11285,1.61177
0.06518,0.11285,1.61177
0.06518,0.11285,1.61177
0.06518,0.11285,1.61177
0.06518,0.11285,1.61177
0.06518,0.11285,1.61177
0.06518,0.11285,1.61177
0.06518,0.11285,1.61177
0.06518,0.11285,1.61177
0.06518,0.11285,1.61177
0.06518,0.11285,1.61177
0.06518,0.11285,1.61177
0.06518,0.11285,1.61177
0.06518,0.11285,1.61177
0.06518,0.11285,1.61177
0.06518,0.11285,1.61177
0.06518,0.11285,1.61177
0.06518,0.11285,1.61177
0.06518,0.11285,1.61177
0.06518,0.11285,1.61177
0.06518,0.11285,1.61177
0.06518,0.11285,1.61177
0.06518,0.11285,1.61177
0.06518,0.11285,1.61177
0.06518,0.11285,1.61177
0.06518,0.11285,1.61177
0.06518,0.11285,1.61177
0.06518,0.11285,1.61177
0.06518,0.11285,1.61177
0.06518,0.11285,1.61177
0.06518,0.11285,1.61177
0.06518,0.11285,1.61177
0.06518,0.11285,1.61177
0.06518,0.11285,1.61177
0.06518,0.11285,1.61177
0.06518,0.11285,1.61177
0.06518,0.11285,1.61177
0.06518,0.11285,1.61177
0.06518,0.11285,1.61177
0.06518,0.11285,1.61177
0.06518,0.11285,1.61177
0.06518,0.11285,1.61177
0.06518,0.11285,1.61177
0.06518,0.11285,1.61177
0.06518,0.11285,1.61177
0.06518,0.11285,1.61177
0.06518,0.11285,1.61177
0.06518,0.11285,1.61177
0.06518,0.11285,1.61177
0.06518,0.11285,1.61177
0.06518,0.11285,1.61177
0.06518,0.11285,1.61177
0.06518,0.11285,1.61177
0.06518,0.11285,1.61177
0.06518,0.11285,1.61177
0.06518,0.11285,1.61177
0.06518,0.11285,1.61177
0.06518,0.11285,1.61177
0.06518,0.11285,1.61177
0.06518,0.11285,1.61177
0.06518,0.11285,1.61177
0.06518,0.11285,1.61177
0.06518,0.11285,1.61177
0.06518,0.11285,1.61177
0.06518,0.11285,1.61177
0.06518,0.11285,1.61177
0.06518,0.11285,1.61177
0.06518,0.11285,1.61177
0.06518,0.11285,1.61177
0.06518,0.11285,1.61177
0.06518,0.11285,1.61177
0.06518,0.11285,1.61177
0.06518,0.11285,1.61177
0.06518,0.11285,1.61177
0.06518,0.11285,1.61177
0.06518,0.11285,1.61177
0.06518,0.11285,1.61177
0.06518,0.11285,1.61177
0.06518,0.11285,1.61177
0.06518,0.11285,1.61177
0.06518,0.11285,1.61177
0.06518,0.11285,1.61177
0.06518,0.11285,1.61177
0.06518,0.11285,1.61177
0.06518,0.11285,1.61177
0.06518,0.11285,1.61177
0.06518,0.11285,1.61177
0.06518,0.11285,1.61177
0.06518,0.11285,1.61177
0.06518,0.11285,1.61177
0.06518,0.11285,1.61177
0.06518,0.11285,1.61177
0.06518,0.11285,1.61177
0.06518,0.11285,1.61177
0.06518,0.11285,1.61177
0.06518,0.11285,1.61177
0.06518,0.11285,1.61177
0.06518,0.11285,1.61177
0.06518,0.11285,1.61177
0.06518,0.11285,1.61177
0.06518,0.11285,1.61177
0.06518,0.11285,1.61177
0.06518,0.11285,1.61177
0.06518,0.11285,1.61177
0.06518,0.11285,1.61177
0.06518,0.11285,1.61177
0.06518,0.11285,1.61177
0.06518,0.11285,1.61177
0.06518,0.11285,1.61177
0.06518,0.11285,1.61177
0.06518,0.11285,1.61177
0.06518,0.11285,1.61177
0.06518,0.11285,1.61177
0.06518,0.11285,1.61177
0.06518,0.11285,1.61177
0.06518,0.11285,1.61177
0.06518,0.11285,1.61177
0.06518,0.11285,1.61177
0.06518,0.11285,1.61177
0.06518,0.11285,1.61177
0.06518,0.11285,1.61177
0.06518,0.11285,1.61177
0.06518,0.11285,1.61177
0.06518,0.11285,1.61177
0.06518,0.11285,1.61177
0.06518,0.11285,1.61177
0.06518,0.11285,1.61177
0.06518,0.11285,1.61177
0.06518,0.11285,1.61177
0.06518,0.11285,1.61177
0.06518,0.11285,1.61177
0.06518,0.11285,1.61177
0.06518,0.11285,1.61177
0.06518,0.11285,1.61177
0.06518,0.11285,1.61177
0.06518,0.11285,1.61177
0.06518,0.11285,1.61177
0.06518,0.11285,1.61177
0.06518,0.11285,1.61177
0.06518,0.11285,1.61177
0.06518,0.11285,1.61177
0.06518,0.11285,1.61177
0.06518,0.11285,1.61177
0.06518,0.11285,1.61177
0.06518,0.11285,1.61177
0.06518,0.11285,1.61177
0.06518,0.11285,1.61177
0.06518,0.11285,1.61177
0.06518,0.11285,1.61177
0.06518,0.11285,1.61177
0.06518,0.11285,1.61177
0.06518,0.11285,1.61177
0.06518,0.11285,1.61177
0.06518,0.11285,1.61177
0.06518,0.11285,1.61177
0.06518,0.11285,1.61177
0.06518,0.11285,1.61177
0.06518,0.11285,1.61177
0.06518,0.11285,1.61177
0.06518,0.11285,1.61177
0.06518,0.11285,1.61177
0.06518,0.11285,1.61177
0.06518,0.11285,1.61177
0.06518,0.11285,1.61177
0.06518,0.11285,1.61177
0.06518,0.11285,1.61177
0.06518,0.11285,1.61177
0.06518,0.11285,1.61177
0.06518,0.11285,1.61177
0.06518,0.11285,1.61177
0.06518,0.11285,1.61177
0.06518,0.11285,1.61177
0.06518,0.11285,1.61177
0.06518,0.11285,1.61177
0.06518,0.11285,1.61177
0.06518,0.11285,1.61177
0.06518,0.11285,1.61177
0.06518,0.11285,1.61177
0.06518,0.11285,1.61177
0.06518,0.11285,1.61177
0.06518,0.11285,1.61177
0.06518,0.11285,1.61177
0.06518,0.11285,1.61177
0.06518,0.11285,1.61177
0.06518,0.11285,1.61177
0.06518,0.11285,1.61177
0.06518,0.11285,1.61177
0.06518,0.11285,1.61177
0.06518,0.11285,1.61177
0.06518,0.11285,1.61177
0.06518,0.11285,1.61177
0.06518,0.11285,1.61177
0.06518,0.11285,1.61177
0.06518,0.11285,1.61177
0.06518,0.11285,1.61177
0.06518,0.11285,1.61177
0.06518,0.11285,1.61177
0.06518,0.11285,1.61177
0.06518,0.11285,1.61177
0.06518,0.11285,1.61177
0.06518,0.11285,1.61177
0.06518,0.11285,1.61177
0.06518,0.11285,1.61177
0.06518,0.11285,1.61177
0.06518,0.11285,1.61177
0.06518,0.11285,1.61177
0.06518,0.11285,1.61177
0.06518,0.11285,1.61177
0.06518,0.11285,1.61177
0.06518,0.11285,1.61177
0.06518,0.11285,1.61177
0.06518,0.11285,1.61177
0.06518,0.11285,1.61177
0.06518,0.11285,1.61177
0.06518,0.11285,1.61177
0.06518,0.11285,1.61177
0.06518,0.11285,1.61177
0.06518,0.11285,1.61177
0.06518,0.11285,1.61177
0.06518,0.11285,1.61177
0.06518,0.11285,1.61177
0.06518,0.11285,1.61177
0.06518,0.11285,1.61177
0.06518,0.11285,1.61177
0.06518,0.11285,1.61177
0.06518,0.11285,1.61177
0.06518,0.11285,1.61177
0.06518,0.11285,1.61177
0.06518,0.11285,1.61177
0.06518,0.11285,1.61177
0.06518,0.11285,1.61177
0.06518,0.11285,1.61177
0.06518,0.11285,1.61177
0.06518,0.11285,1.61177
0.06518,0.11285,1.61177
0.06518,0.11285,1.61177
0.06518,0.11285,1.61177
0.06518,0.11285,1.61177
0.06518,0.11285,1.61177
0.06518,0.11285,1.61177
0.06518,0.11285,1.61177
0.06518,0.11285,1.61177
0.06518,0.11285,1.61177
0.06518,0.11285,1.61177
0.06518,0.11285,1.61177
0.06518,0.11285,1.61177
0.06518,0.11285,1.61177
0.06518,0.11285,1.61177
0.06518,0.11285,1.61177
0.06518,0.11285,1.61177
0.06518,0.11285,1.61177
0.06518,0.11285,1.61177
0.06518,0.11285,1.61177
0.06518,0.11285,1.61177
0.06518,0.11285,1.61177
0.06518,0.11285,1.61177
0.06518,0.11285,1.61177
0.06518,0.11285,1.61177
0.06518,0.11285,1.61177
0.06518,0.11285,1.61177
0.06518,0.11285,1.61177
0.06518,0.11285,1.61177
0.06518,0.11285,1.61177
0.06518,0.11285,1.61177
0.06518,0.11285,1.61177
0.06518,0.11285,1.61177
0.06518,0.11285,1.61177
0.06518,0.11285,1.61177
0.06518,0.11285,1.61177
0.06518,0.11285,1.61177
0.06518,0.11285,1.61177
0.06518,0.11285,1.61177
0.06518,0.11285,1.61177
0.06518,0.11285,1.61177
0.06518,0.11285,1.61177
0.06518,0.11285,1.61177
0.06518,0.11285,1.61177
0.06518,0.11285,1.61177
0.06518,0.11285,1.61177
0.06518,0.11285,1.61177
0.06518,0.11285,1.61177
0.06518,0.11285,1.61177
0.06518,0.11285,1.61177
0.06518,0.11285,1.61177
0.06518,0.11285,1.61177
0.06518,0.11285,1.61177
0.06518,0.11285,1.61177
0.06518,0.11285,1.61177
0.06518,0.11285,1.61177
0.06518,0.11285,1.61177
0.06518,0.11285,1.61177
0.06518,0.11285,1.61177
0.06518,0.11285,1.61177
0.06518,0.11285,1.61177
0.06518,0.11285,1.61177
0.06518,0.11285,1.61177
0.06518,0.11285,1.61177
0.06518,0.11285,1.61177
0.06518,0.11285,1.61177
0.06518,0.11285,1.61177
0.06373,0.13280,1.63946
0.06373,0.13280,1.63946
0.06373,0.13280,1.63946
0.06373,0.13280,1.63946
0.06373,0.13280,1.63946
0.06373,0.13280,1.63946
0.06373,0.13280,1.63946
0.06373,0.13280,1.63946
0.06373,0.13280,1.63946
0.06373,0.13280,1.63946
0.06373,0.13280,1.63946
0.06373,0.13280,1.63946
0.06373,0.13280,1.63946
0.06373,0.13280,1.63946
0.06373,0.13280,1.63946
0.06373,0.13280,1.63946
0.06373,0.13280,1.63946
0.06373,0.13280,1.63946
0.06373,0.13280,1.63946
0.06373,0.13280,1.63946
0.06373,0.13280,1.63946
0.06373,0.13280,1.63946
0.06373,0.13280,1.63946
0.06373,0.13280,1.63946
0.06373,0.13280,1.63946
0.06373,0.13280,1.63946
0.06373,0.13280,1.63946
0.06373,0.13280,1.63946
0.06373,0.13280,1.63946
0.06373,0.13280,1.63946
0.06373,0.13280,1.63946
0.06373,0.13280,1.63946
0.06373,0.13280,1.63946
0.06373,0.13280,1.63946
0.06373,0.13280,1.63946
0.06373,0.13280,1.63946
0.06373,0.13280,1.63946
0.06373,0.13280,1.63946
0.06373,0.13280,1.63946
0.06373,0.13280,1.63946
0.06373,0.13280,1.63946
0.06373,0.13280,1.63946
0.06373,0.13280,1.63946
0.06373,0.13280,1.63946
0.06373,0.13280,1.63946
0.06373,0.13280,1.63946
0.06373,0.13280,1.63946
0.06373,0.13280,1.63946
0.06373,0.13280,1.63946
0.06373,0.13280,1.63946
0.06373,0.13280,1.63946
0.06373,0.13280,1.63946
0.06373,0.13280,1.63946
0.06373,0.13280,1.63946
0.06373,0.13280,1.63946
0.06373,0.13280,1.63946
0.06373,0.13280,1.63946
0.06373,0.13280,1.63946
0.06373,0.13280,1.63946
0.06373,0.13280,1.63946
0.06373,0.13280,1.63946
0.06373,0.13280,1.63946
0.06373,0.13280,1.63946
0.06373,0.13280,1.63946
0.06373,0.13280,1.63946
0.06373,0.13280,1.63946
0.06373,0.13280,1.63946
0.06373,0.13280,1.63946
0.06373,0.13280,1.63946
0.06373,0.13280,1.63946
0.06373,0.13280,1.63946
0.06373,0.13280,1.63946
0.06373,0.13280,1.63946
0.06373,0.13280,1.63946
0.06373,0.13280,1.63946
0.06373,0.13280,1.63946
0.06373,0.13280,1.63946
0.06373,0.13280,1.63946
0.06373,0.13280,1.63946
0.06373,0.13280,1.63946
0.06373,0.13280,1.63946
0.06373,0.13280,1.63946
0.06373,0.13280,1.63946
0.06373,0.13280,1.63946
0.06373,0.13280,1.63946
0.06373,0.13280,1.63946
0.06373,0.13280,1.63946
0.06373,0.13280,1.63946
0.06373,0.13280,1.63946
0.06373,0.13280,1.63946
0.06373,0.13280,1.63946
0.06373,0.13280,1.63946
0.06373,0.13280,1.63946
0.06373,0.13280,1.63946
0.06373,0.13280,1.63946
0.06373,0.13280,1.63946
0.06373,0.13280,1.63946
0.06373,0.13280,1.63946
0.06373,0.13280,1.63946
0.06373,0.13280,1.63946
0.06373,0.13280,1.63946
0.06373,0.13280,1.63946
0.06373,0.13280,1.63946
0.06373,0.13280,1.63946
0.06373,0.13280,1.63946
0.06373,0.13280,1.63946
0.06373,0.13280,1.63946
0.06373,0.13280,1.63946
0.06373,0.13280,1.63946
0.06373,0.13280,1.63946
0.06373,0.13280,1.63946
0.06373,0.13280,1.63946
0.06373,0.13280,1.63946
0.06373,0.13280,1.63946
0.06373,0.13280,1.63946
0.06373,0.13280,1.63946
0.06373,0.13280,1.63946
0.06373,0.13280,1.63946
0.06373,0.13280,1.63946
0.06373,0.13280,1.63946
0.06373,0.13280,1.63946
0.06373,0.13280,1.63946
0.06373,0.13280,1.63946
0.06373,0.13280,1.63946
0.06373,0.13280,1.63946
0.06373,0.13280,1.63946
0.06373,0.13280,1.63946
0.06373,0.13280,1.63946
0.06373,0.13280,1.63946
0.06373,0.13280,1.63946
0.06373,0.13280,1.63946
0.06373,0.13280,1.63946
0.06373,0.13280,1.63946
0.06373,0.13280,1.63946
0.06373,0.13280,1.63946
0.06373,0.13280,1.63946
0.06373,0.13280,1.63946
0.06373,0.13280,1.63946
0.06373,0.13280,1.63946
0.06373,0.13280,1.63946
0.06373,0.13280,1.63946
0.06373,0.13280,1.63946
0.06373,0.13280,1.63946
0.06373,0.13280,1.63946
0.06373,0.13280,1.63946
0.06373,0.13280,1.63946
0.06373,0.13280,1.63946
0.06373,0.13280,1.63946
0.06373,0.13280,1.63946
0.06373,0.13280,1.63946
0.06373,0.13280,1.63946
0.06373,0.13280,1.63946
0.06373,0.13280,1.63946
0.06373,0.13280,1.63946
0.06373,0.13280,1.63946
0.06373,0.13280,1.63946
0.06373,0.13280,1.63946
0.06373,0.13280,1.63946
0.06373,0.13280,1.63946
0.06373,0.13280,1.63946
0.06373,0.13280,1.63946
0.06373,0.13280,1.63946
0.06373,0.13280,1.63946
0.06373,0.13280,1.63946
0.06373,0.13280,1.63946
0.06373,0.13280,1.63946
0.06373,0.13280,1.63946
0.06373,0.13280,1.63946
0.06373,0.13280,1.63946
0.06373,0.13280,1.63946
0.06373,0.13280,1.63946
0.06373,0.13280,1.63946
0.06373,0.13280,1.63946
0.06373,0.13280,1.63946
0.06373,0.13280,1.63946
0.06373,0.13280,1.63946
0.06373,0.13280,1.63946
0.06373,0.13280,1.63946
0.06373,0.13280,1.63946
0.06373,0.13280,1.63946
0.06373,0.13280,1.63946
0.06373,0.13280,1.63946
0.06373,0.13280,1.63946
0.06373,0.13280,1.63946
0.06373,0.13280,1.63946
0.06373,0.13280,1.63946
0.06373,0.13280,1.63946
0.06373,0.13280,1.63946
0.06373,0.13280,1.63946
0.06373,0.13280,1.63946
0.06373,0.13280,1.63946
0.06373,0.13280,1.63946
0.06373,0.13280,1.63946
0.06373,0.13280,1.63946
0.06373,0.13280,1.63946
0.06373,0.13280,1.63946
0.06373,0.13280,1.63946
0.06373,0.13280,1.63946
0.06373,0.13280,1.63946
0.06373,0.13280,1.63946
0.06373,0.13280,1.63946
0.06373,0.13280,1.63946
0.06373,0.13280,1.63946
0.06373,0.13280,1.63946
0.06373,0.13280,1.63946
0.06373,0.13280,1.63946
0.06373,0.13280,1.63946
0.06373,0.13280,1.63946
0.06373,0.13280,1.63946
0.06373,0.13280,1.63946
0.06373,0.13280,1.63946
0.06373,0.13280,1.63946
0.06373,0.13280,1.63946
0.06373,0.13280,1.63946
0.06373,0.13280,1.63946
0.06373,0.13280,1.63946
0.06373,0.13280,1.63946
0.06373,0.13280,1.63946
0.06373,0.13280,1.63946
0.06373,0.13280,1.63946
0.06373,0.13280,1.63946
0.06373,0.13280,1.63946
0.06373,0.13280,1.63946
0.06373,0.13280,1.63946
0.06373,0.13280,1.63946
0.06373,0.13280,1.63946
0.06373,0.13280,1.63946
0.06373,0.13280,1.63946
0.06373,0.13280,1.63946
0.06373,0.13280,1.63946
0.06373,0.13280,1.63946
0.06373,0.13280,1.63946
0.06373,0.13280,1.63946
0.06373,0.13280,1.63946
0.06373,0.13280,1.63946
0.06373,0.13280,1.63946
0.06373,0.13280,1.63946
0.06373,0.13280,1.63946
0.06373,0.13280,1.63946
0.06373,0.13280,1.63946
0.06373,0.13280,1.63946
0.06373,0.13280,1.63946
0.06373,0.13280,1.63946
0.06373,0.13280,1.63946
0.06373,0.13280,1.63946
0.06373,0.13280,1.63946
0.06373,0.13280,1.63946
0.06373,0.13280,1.63946
0.06373,0.13280,1.63946
0.06373,0.13280,1.63946
0.06373,0.13280,1.63946
0.06373,0.13280,1.63946
0.06373,0.13280,1.63946
0.06373,0.13280,1.63946
0.06373,0.13280,1.63946
0.06373,0.13280,1.63946
0.06373,0.13280,1.63946
0.06373,0.13280,1.63946
0.06373,0.13280,1.63946
0.06373,0.13280,1.63946
0.06373,0.13280,1.63946
0.06373,0.13280,1.63946
0.06373,0.13280,1.63946
0.06373,0.13280,1.63946
0.06373,0.13280,1.63946
0.06373,0.13280,1.63946
0.06373,0.13280,1.63946
0.06373,0.13280,1.63946
0.06373,0.13280,1.63946
0.06373,0.13280,1.63946
0.06373,0.13280,1.63946
0.06373,0.13280,1.63946
0.06373,0.13280,1.63946
0.06373,0.13280,1.63946
0.06373,0.13280,1.63946
0.06373,0.13280,1.63946
0.06373,0.13280,1.63946
0.06373,0.13280,1.63946
0.06373,0.13280,1.63946
0.06373,0.13280,1.63946
0.06373,0.13280,1.63946
0.06373,0.13280,1.63946
0.06373,0.13280,1.63946
0.06373,0.13280,1.63946
0.06373,0.13280,1.63946
0.06373,0.13280,1.63946
0.06373,0.13280,1.63946
0.06373,0.13280,1.63946
0.06373,0.13280,1.63946
0.06373,0.13280,1.63946
0.06373,0.13280,1.63946
0.06373,0.13280,1.63946
0.06373,0.13280,1.63946
0.06373,0.13280,1.63946
0.06373,0.13280,1.63946
0.06373,0.13280,1.63946
0.06373,0.13280,1.63946
0.06373,0.13280,1.63946
0.06373,0.13280,1.63946
0.06373,0.13280,1.63946
0.06373,0.13280,1.63946
0.06373,0.13280,1.63946
0.06373,0.13280,1.63946
0.06373,0.13280,1.63946
0.06373,0.13280,1.63946
0.06373,0.13280,1.63946
0.06373,0.13280,1.63946
0.06373,0.13280,1.63946
0.06373,0.13280,1.63946
0.06373,0.13280,1.63946
0.06373,0.13280,1.63946
0.06373,0.13280,1.63946
0.06373,0.13280,1.63946
0.06373,0.13280,1.63946
0.06373,0.13280,1.63946
0.06373,0.13280,1.63946
0.06373,0.13280,1.63946
0.06373,0.13280,1.63946
0.06373,0.13280,1.63946
0.06373,0.13280,1.63946
0.06373,0.13280,1.63946
0.06373,0.13280,1.63946
0.06373,0.13280,1.63946
0.06373,0.13280,1.63946
0.06373,0.13280,1.63946
0.06373,0.13280,1.63946
0.06373,0.13280,1.63946
0.06373,0.13280,1.63946
0.06373,0.13280,1.63946
0.06373,0.13280,1.63946
0.06373,0.13280,1.63946
0.06373,0.13280,1.63946
0.06373,0.13280,1.63946
0.06373,0.13280,1.63946
0.06373,0.13280,1.63946
0.06373,0.13280,1.63946
0.06373,0.13280,1.63946
0.06373,0.13280,1.63946
0.06373,0.13280,1.63946
0.06373,0.13280,1.63946
0.06373,0.13280,1.63946
0.06373,0.13280,1.63946
0.06373,0.13280,1.63946
0.06373,0.13280,1.63946
0.06373,0.13280,1.63946
0.06373,0.13280,1.63946
0.06373,0.13280,1.63946
0.06373,0.13280,1.63946
0.06373,0.13280,1.63946
0.06373,0.13280,1.63946
0.06373,0.13280,1.63946
0.06373,0.13280,1.63946
0.06373,0.13280,1.63946
0.06373,0.13280,1.63946
0.06373,0.13280,1.63946
0.06373,0.13280,1.63946
0.06373,0.13280,1.63946
0.06373,0.13280,1.63946
0.06373,0.13280,1.63946
0.06373,0.13280,1.63946
0.06373,0.13280,1.63946
0.06373,0.13280,1.63946
0.06373,0.13280,1.63946
0.06373,0.13280,1.63946
0.06373,0.13280,1.63946
0.06373,0.13280,1.63946
0.06373,0.13280,1.63946
0.06373,0.13280,1.63946
0.06373,0.13280,1.63946
0.06373,0.13280,1.63946
0.06373,0.13280,1.63946
0.06373,0.13280,1.63946
0.06373,0.13280,1.63946
0.06373,0.13280,1.63946
0.06373,0.13280,1.63946
0.06373,0.13280,1.63946
0.06373,0.13280,1.63946
0.06373,0.13280,1.63946
0.06373,0.13280,1.63946
0.06373,0.13280,1.63946
0.06373,0.13280,1.63946
0.06373,0.13280,1.63946
0.06373,0.13280,1.63946
0.06373,0.13280,1.63946
0.06373,0.13280,1.63946
0.06373,0.13280,1.63946
0.06373,0.13280,1.63946
0.06373,0.13280,1.63946
0.06373,0.13280,1.63946
0.06373,0.13280,1.63946
0.06373,0.13280,1.63946
0.06373,0.13280,1.63946
0.06373,0.13280,1.63946
0.06373,0.13280,1.63946
0.06373,0.13280,1.63946
0.06373,0.13280,1.63946
0.06373,0.13280,1.63946
0.06373,0.13280,1.63946
0.06373,0.13280,1.63946
0.06373,0.13280,1.63946
0.06373,0.13280,1.63946
0.06373,0.13280,1.63946
0.06373,0.13280,1.63946
0.06373,0.13280,1.63946
0.06373,0.13280,1.63946
0.06373,0.13280,1.63946
0.06373,0.13280,1.63946
0.06373,0.13280,1.63946
0.06373,0.13280,1.63946
0.06373,0.13280,1.63946
0.06373,0.13280,1.63946
0.06373,0.13280,1.63946
0.06373,0.13280,1.63946
0.06373,0.13280,1.63946
0.06373,0.13280,1.63946
0.06373,0.13280,1.63946
0.06373,0.13280,1.63946
0.06373,0.13280,1.63946
0.06373,0.13280,1.63946
0.06373,0.13280,1.63946
0.06373,0.13280,1.63946
0.06373,0.13280,1.63946
0.06373,0.13280,1.63946
0.06373,0.13280,1.63946
0.06373,0.13280,1.63946
0.06373,0.13280,1.63946
0.06373,0.13280,1.63946
0.06373,0.13280,1.63946
0.06373,0.13280,1.63946
0.06373,0.13280,1.63946
0.06373,0.13280,1.63946
0.06373,0.13280,1.63946
0.06373,0.13280,1.63946
0.06373,0.13280,1.63946
0.06373,0.13280,1.63946
0.06373,0.13280,1.63946
0.06373,0.13280,1.63946
0.06373,0.13280,1.63946
0.06373,0.13280,1.63946
0.06373,0.13280,1.63946
0.06373,0.13280,1.63946
0.06373,0.13280,1.63946
0.06373,0.13280,1.63946
0.06373,0.13280,1.63946
0.06373,0.13280,1.63946
0.06373,0.13280,1.63946
0.06373,0.13280,1.63946
0.06373,0.13280,1.63946
0.06373,0.13280,1.63946
0.06373,0.13280,1.63946
0.06373,0.13280,1.63946
0.06373,0.13280,1.63946
0.06373,0.13280,1.63946
0.06373,0.13280,1.63946
0.06373,0.13280,1.63946
0.06373,0.13280,1.63946
0.06373,0.13280,1.63946
0.06373,0.13280,1.63946
0.06373,0.13280,1.63946
0.06373,0.13280,1.63946
0.06373,0.13280,1.63946
0.06373,0.13280,1.63946
0.06373,0.13280,1.63946
0.06373,0.13280,1.63946
0.06373,0.13280,1.63946
0.06373,0.13280,1.63946
0.06373,0.13280,1.63946
0.06373,0.13280,1.63946
0.06373,0.13280,1.63946
0.06373,0.13280,1.63946
0.06373,0.13280,1.63946
0.06373,0.13280,1.63946
0.06373,0.13280,1.63946
0.06373,0.13280,1.63946
0.06373,0.13280,1.63946
0.06373,0.13280,1.63946
0.06373,0.13280,1.63946
0.06373,0.13280,1.63946
0.06373,0.13280,1.63946
0.06373,0.13280,1.63946
0.06373,0.13280,1.63946
0.06373,0.13280,1.63946
0.06373,0.13280,1.63946
0.06373,0.13280,1.63946
0.06373,0.13280,1.63946
0.06373,0.13280,1.63946
0.06373,0.13280,1.63946
0.06373,0.13280,1.63946
0.06373,0.13280,1.63946
0.06373,0.13280,1.63946
0.06373,0.13280,1.63946
0.06373,0.13280,1.63946
0.06373,0.13280,1.63946
0.06373,0.13280,1.63946
0.06373,0.13280,1.63946
0.06373,0.13280,1.63946
0.06373,0.13280,1.63946
0.06373,0.13280,1.63946
0.06373,0.13280,1.63946
0.06373,0.13280,1.63946
0.06373,0.13280,1.63946
0.06373,0.13280,1.63946
0.06373,0.13280,1.63946
0.06373,0.13280,1.63946
0.06373,0.13280,1.63946
0.06373,0.13280,1.63946
0.06373,0.13280,1.63946
0.06373,0.13280,1.63946
0.06373,0.13280,1.63946
0.06373,0.13280,1.63946
0.06373,0.13280,1.63946
0.06373,0.13280,1.63946
0.06373,0.13280,1.63946
0.06373,0.13280,1.63946
0.06373,0.13280,1.63946
0.06373,0.13280,1.63946
0.06373,0.13280,1.63946
0.06373,0.13280,1.63946
0.06373,0.13280,1.63946
0.06373,0.13280,1.63946
0.06373,0.13280,1.63946
0.06373,0.13280,1.63946
0.06373,0.13280,1.63946
0.06373,0.13280,1.63946
0.06373,0.13280,1.63946
0.06373,0.13280,1.63946
0.06373,0.13280,1.63946
0.06373,0.13280,1.63946
0.06373,0.13280,1.63946
0.06373,0.13280,1.63946
0.06373,0.13280,1.63946
0.06373,0.13280,1.63946
0.06373,0.13280,1.63946
0.06373,0.13280,1.63946
0.06373,0.13280,1.63946
0.06373,0.13280,1.63946
0.06373,0.13280,1.63946
0.06373,0.13280,1.63946
0.06373,0.13280,1.63946
0.06373,0.13280,1.63946
0.06373,0.13280,1.63946
0.06373,0.13280,1.63946
0.06373,0.13280,1.63946
0.06373,0.13280,1.63946
0.06373,0.13280,1.63946
0.06373,0.13280,1.63946
0.06373,0.13280,1.63946
0.06373,0.13280,1.63946
0.06373,0.13280,1.63946
0.06373,0.13280,1.63946
0.06373,0.13280,1.63946
0.06373,0.13280,1.63946
0.06373,0.13280,1.63946
0.06373,0.13280,1.63946
0.06373,0.13280,1.63946
0.06373,0.13280,1.63946
0.06373,0.13280,1.63946
0.06373,0.13280,1.63946
0.06373,0.13280,1.63946
0.06373,0.13280,1.63946
0.06373,0.13280,1.63946
0.06373,0.13280,1.63946
0.06373,0.13280,1.63946
0.06373,0.13280,1.63946
0.06373,0.13280,1.63946
0.06373,0.13280,1.63946
0.06373,0.13280,1.63946
0.06373,0.13280,1.63946
0.06373,0.13280,1.63946
0.06373,0.13280,1.63946
0.06373,0.13280,1.63946
0.06373,0.13280,1.63946
0.06373,0.13280,1.63946
0.06373,0.13280,1.63946
0.06373,0.13280,1.63946
0.06373,0.13280,1.63946
0.06373,0.13280,1.63946
0.06373,0.13280,1.63946
0.06373,0.13280,1.63946
0.06373,0.13280,1.63946
0.06373,0.13280,1.63946
0.06373,0.13280,1.63946
0.06373,0.13280,1.63946
0.06373,0.13280,1.63946
0.06373,0.13280,1.63946
0.06373,0.13280,1.63946
0.06373,0.13280,1.63946
0.06373,0.13280,1.63946
0.06373,0.13280,1.63946
0.06373,0.13280,1.63946
0.06373,0.13280,1.63946
0.06373,0.13280,1.63946
0.06373,0.13280,1.63946
0.06373,0.13280,1.63946
0.06373,0.13280,1.63946
0.06373,0.13280,1.63946
0.06373,0.13280,1.63946
0.06373,0.13280,1.63946
0.06373,0.13280,1.63946
0.06373,0.13280,1.63946
0.06373,0.13280,1.63946
0.06373,0.13280,1.63946
0.06373,0.13280,1.63946
0.06373,0.13280,1.63946
0.06373,0.13280,1.63946
0.06373,0.13280,1.63946
0.06373,0.13280,1.63946
0.06373,0.13280,1.63946
0.06373,0.13280,1.63946
0.06373,0.13280,1.63946
0.06373,0.13280,1.63946
0.06373,0.13280,1.63946
0.06373,0.13280,1.63946
0.06373,0.13280,1.63946
0.06373,0.13280,1.63946
0.06373,0.13280,1.63946
0.06373,0.13280,1.63946
0.06373,0.13280,1.63946
0.06373,0.13280,1.63946
0.06373,0.13280,1.63946
0.06373,0.13280,1.63946
0.06373,0.13280,1.63946
0.06373,0.13280,1.63946
0.06373,0.13280,1.63946
0.06373,0.13280,1.63946
0.06373,0.13280,1.63946
0.06373,0.13280,1.63946
0.06373,0.13280,1.63946
0.06373,0.13280,1.63946
0.06373,0.13280,1.63946
0.06373,0.13280,1.63946
0.06373,0.13280,1.63946
0.06373,0.13280,1.63946
0.06373,0.13280,1.63946
0.06373,0.13280,1.63946
0.06373,0.13280,1.63946
0.06373,0.13280,1.63946
0.06373,0.13280,1.63946
0.06373,0.13280,1.63946
0.06373,0.13280,1.63946
0.06373,0.13280,1.63946
0.06373,0.13280,1.63946
0.06373,0.13280,1.63946
0.06373,0.13280,1.63946
0.06373,0.13280,1.63946
0.06373,0.13280,1.63946
0.06373,0.13280,1.63946
0.06373,0.13280,1.63946
0.06373,0.13280,1.63946
0.06373,0.13280,1.63946
0.06373,0.13280,1.63946
0.06373,0.13280,1.63946
0.06373,0.13280,1.63946
0.06373,0.13280,1.63946
0.06373,0.13280,1.63946
0.06373,0.13280,1.63946
0.06373,0.13280,1.63946
0.06373,0.13280,1.63946
0.06373,0.13280,1.63946
0.06373,0.13280,1.63946
0.06373,0.13280,1.63946
0.06373,0.13280,1.63946
0.06373,0.13280,1.63946
0.06373,0.13280,1.63946
0.06373,0.13280,1.63946
0.06518,0.11285,1.66475
0.06518,0.11285,1.66475
0.06518,0.11285,1.66475
0.06518,0.11285,1.66475
0.06518,0.11285,1.66475
0.06518,0.11285,1.66475
0.06518,0.11285,1.66475
0.06518,0.11285,1.66475
0.06518,0.11285,1.66475
0.06518,0.11285,1.66475
0.06518,0.11285,1.66475
0.06518,0.11285,1.66475
0.06518,0.11285,1.66475
0.06518,0.11285,1.66475
0.06518,0.11285,1.66475
0.06518,0.11285,1.66475
0.06518,0.11285,1.66475
0.06518,0.11285,1.66475
0.06518,0.11285,1.66475
0.06518,0.11285,1.66475
0.06518,0.11285,1.66475
0.06518,0.11285,1.66475
0.06518,0.11285,1.66475
0.06518,0.11285,1.66475
0.06518,0.11285,1.66475
0.06518,0.11285,1.66475
0.06518,0.11285,1.66475
0.06518,0.11285,1.66475
0.06518,0.11285,1.66475
0.06518,0.11285,1.66475
0.06518,0.11285,1.66475
0.06518,0.11285,1.66475
0.06518,0.11285,1.66475
0.06518,0.11285,1.66475
0.06518,0.11285,1.66475
0.06518,0.11285,1.66475
0.06518,0.11285,1.66475
0.06518,0.11285,1.66475
0.06518,0.11285,1.66475
0.06518,0.11285,1.66475
0.06518,0.11285,1.66475
0.06518,0.11285,1.66475
0.06518,0.11285,1.66475
0.06518,0.11285,1.66475
0.06518,0.11285,1.66475
0.06518,0.11285,1.66475
0.06518,0.11285,1.66475
0.06518,0.11285,1.66475
0.06518,0.11285,1.66475
0.06518,0.11285,1.66475
0.06518,0.11285,1.66475
0.06518,0.11285,1.66475
0.06518,0.11285,1.66475
0.06518,0.11285,1.66475
0.06518,0.11285,1.66475
0.06518,0.11285,1.66475
0.06518,0.11285,1.66475
0.06518,0.11285,1.66475
0.06518,0.11285,1.66475
0.06518,0.11285,1.66475
0.06518,0.11285,1.66475
0.06518,0.11285,1.66475
0.06518,0.11285,1.66475
0.06518,0.11285,1.66475
0.06518,0.11285,1.66475
0.06518,0.11285,1.66475
0.06518,0.11285,1.66475
0.06518,0.11285,1.66475
0.06518,0.11285,1.66475
0.06518,0.11285,1.66475
0.06518,0.11285,1.66475
0.06518,0.11285,1.66475
0.06518,0.11285,1.66475
0.06518,0.11285,1.66475
0.06518,0.11285,1.66475
0.06518,0.11285,1.66475
0.06518,0.11285,1.66475
0.06518,0.11285,1.66475
0.06518,0.11285,1.66475
0.06518,0.11285,1.66475
0.06518,0.11285,1.66475
0.06518,0.11285,1.66475
0.06518,0.11285,1.66475
0.06518,0.11285,1.66475
0.06518,0.11285,1.66475
0.06518,0.11285,1.66475
0.06518,0.11285,1.66475
0.06518,0.11285,1.66475
0.06518,0.11285,1.66475
0.06518,0.11285,1.66475
0.06518,0.11285,1.66475
0.06518,0.11285,1.66475
0.06518,0.11285,1.66475
0.06518,0.11285,1.66475
0.06518,0.11285,1.66475
0.06518,0.11285,1.66475
0.06518,0.11285,1.66475
0.06518,0.11285,1.66475
0.06518,0.11285,1.66475
0.06518,0.11285,1.66475
0.06518,0.11285,1.66475
0.06518,0.11285,1.66475
0.06518,0.11285,1.66475
0.06518,0.11285,1.66475
0.06518,0.11285,1.66475
0.06518,0.11285,1.66475
0.06518,0.11285,1.66475
0.06518,0.11285,1.66475
0.06518,0.11285,1.66475
0.06518,0.11285,1.66475
0.06518,0.11285,1.66475
0.06518,0.11285,1.66475
0.06518,0.11285,1.66475
0.06518,0.11285,1.66475
0.06518,0.11285,1.66475
0.06518,0.11285,1.66475
0.06518,0.11285,1.66475
0.06518,0.11285,1.66475
0.06518,0.11285,1.66475
0.06518,0.11285,1.66475
0.06518,0.11285,1.66475
0.06518,0.11285,1.66475
0.06518,0.11285,1.66475
0.06518,0.11285,1.66475
0.06518,0.11285,1.66475
0.06518,0.11285,1.66475
0.06518,0.11285,1.66475
0.06518,0.11285,1.66475
0.06518,0.11285,1.66475
0.06518,0.11285,1.66475
0.06518,0.11285,1.66475
0.06518,0.11285,1.66475
0.06518,0.11285,1.66475
0.06518,0.11285,1.66475
0.06518,0.11285,1.66475
0.06518,0.11285,1.66475
0.06518,0.11285,1.66475
0.06518,0.11285,1.66475
0.06518,0.11285,1.66475
0.06518,0.11285,1.66475
0.06518,0.11285,1.66475
0.06518,0.11285,1.66475
0.06518,0.11285,1.66475
0.06518,0.11285,1.66475
0.06518,0.11285,1.66475
0.06518,0.11285,1.66475
0.06518,0.11285,1.66475
0.06518,0.11285,1.66475
0.06518,0.11285,1.66475
0.06518,0.11285,1.66475
0.06518,0.11285,1.66475
0.06518,0.11285,1.66475
0.06518,0.11285,1.66475
0.06518,0.11285,1.66475
0.06518,0.11285,1.66475
0.06518,0.11285,1.66475
0.06518,0.11285,1.66475
0.06518,0.11285,1.66475
0.06518,0.11285,1.66475
0.06518,0.11285,1.66475
0.06518,0.11285,1.66475
0.06518,0.11285,1.66475
0.06518,0.11285,1.66475
0.06518,0.11285,1.66475
0.06518,0.11285,1.66475
0.06518,0.11285,1.66475
0.06518,0.11285,1.66475
0.06518,0.11285,1.66475
0.06518,0.11285,1.66475
0.06518,0.11285,1.66475
0.06518,0.11285,1.66475
0.06518,0.11285,1.66475
0.06518,0.11285,1.66475
0.06518,0.11285,1.66475
0.06518,0.11285,1.66475
0.06518,0.11285,1.66475
0.06518,0.11285,1.66475
0.06518,0.11285,1.66475
0.06518,0.11285,1.66475
0.06518,0.11285,1.66475
0.06518,0.11285,1.66475
0.06518,0.11285,1.66475
0.06518,0.11285,1.66475
0.06518,0.11285,1.66475
0.06518,0.11285,1.66475
0.06518,0.11285,1.66475
0.06518,0.11285,1.66475
0.06518,0.11285,1.66475
0.06518,0.11285,1.66475
0.06518,0.11285,1.66475
0.06518,0.11285,1.66475
0.06518,0.11285,1.66475
0.06518,0.11285,1.66475
0.06518,0.11285,1.66475
0.06518,0.11285,1.66475
0.06518,0.11285,1.66475
0.06518,0.11285,1.66475
0.06518,0.11285,1.66475
0.06518,0.11285,1.66475
0.06518,0.11285,1.66475
0.06518,0.11285,1.66475
0.06518,0.11285,1.66475
0.06518,0.11285,1.66475
0.06518,0.11285,1.66475
0.06518,0.11285,1.66475
0.06518,0.11285,1.66475
0.06518,0.11285,1.66475
0.06518,0.11285,1.66475
0.06518,0.11285,1.66475
0.06518,0.11285,1.66475
0.06518,0.11285,1.66475
0.06518,0.11285,1.66475
0.06518,0.11285,1.66475
0.06518,0.11285,1.66475
0.06518,0.11285,1.66475
0.06518,0.11285,1.66475
0.06518,0.11285,1.66475
0.06518,0.11285,1.66475
0.06518,0.11285,1.66475
0.06518,0.11285,1.66475
0.06518,0.11285,1.66475
0.06518,0.11285,1.66475
0.06518,0.11285,1.66475
0.06518,0.11285,1.66475
0.06518,0.11285,1.66475
0.06518,0.11285,1.66475
0.06518,0.11285,1.66475
0.06518,0.11285,1.66475
0.06518,0.11285,1.66475
0.06518,0.11285,1.66475
0.06518,0.11285,1.66475
0.06518,0.11285,1.66475
0.06518,0.11285,1.66475
0.06518,0.11285,1.66475
0.06518,0.11285,1.66475
0.06518,0.11285,1.66475
0.06518,0.11285,1.66475
0.06518,0.11285,1.66475
0.06518,0.11285,1.66475
0.06518,0.11285,1.66475
0.06518,0.11285,1.66475
0.06518,0.11285,1.66475
0.06518,0.11285,1.66475
0.06518,0.11285,1.66475
0.06518,0.11285,1.66475
0.06518,0.11285,1.66475
0.06518,0.11285,1.66475
0.06518,0.11285,1.66475
0.06518,0.11285,1.66475
0.06518,0.11285,1.66475
0.06518,0.11285,1.66475
0.06518,0.11285,1.66475
0.06518,0.11285,1.66475
0.06518,0.11285,1.66475
0.06518,0.11285,1.66475
0.06518,0.11285,1.66475
0.06518,0.11285,1.66475
0.06518,0.11285,1.66475
0.06518,0.11285,1.66475
0.06518,0.11285,1.66475
0.06518,0.11285,1.66475
0.06518,0.11285,1.66475
0.06518,0.11285,1.66475
0.06518,0.11285,1.66475
0.06518,0.11285,1.66475
0.06518,0.11285,1.66475
0.06518,0.11285,1.66475
0.06518,0.11285,1.66475
0.06518,0.11285,1.66475
0.06518,0.11285,1.66475
0.06518,0.11285,1.66475
0.06518,0.11285,1.66475
0.06518,0.11285,1.66475
0.06518,0.11285,1.66475
0.06518,0.11285,1.66475
0.06518,0.11285,1.66475
0.06518,0.11285,1.66475
0.06518,0.11285,1.66475
0.06518,0.11285,1.66475
0.06518,0.11285,1.66475
0.06518,0.11285,1.66475
0.06518,0.11285,1.66475
0.06518,0.11285,1.66475
0.06518,0.11285,1.66475
0.06518,0.11285,1.66475
0.06518,0.11285,1.66475
0.06518,0.11285,1.66475
0.06518,0.11285,1.66475
0.06518,0.11285,1.66475
0.06518,0.11285,1.66475
0.06518,0.11285,1.66475
0.06518,0.11285,1.66475
0.06518,0.11285,1.66475
0.06518,0.11285,1.66475
0.06518,0.11285,1.66475
0.06518,0.11285,1.66475
0.06518,0.11285,1.66475
0.06518,0.11285,1.66475
0.06518,0.11285,1.66475
0.06518,0.11285,1.66475
0.06518,0.11285,1.66475
0.06518,0.11285,1.66475
0.06518,0.11285,1.66475
0.06518,0.11285,1.66475
0.06518,0.11285,1.66475
0.06518,0.11285,1.66475
0.06518,0.11285,1.66475
0.06518,0.11285,1.66475
0.06518,0.11285,1.66475
0.06518,0.11285,1.66475
0.06518,0.11285,1.66475
0.06518,0.11285,1.66475
0.06518,0.11285,1.66475
0.06518,0.11285,1.66475
0.06518,0.11285,1.66475
0.06518,0.11285,1.66475
0.06518,0.11285,1.66475
0.06518,0.11285,1.66475
0.06518,0.11285,1.66475
0.06518,0.11285,1.66475
0.06518,0.11285,1.66475
0.06518,0.11285,1.66475
0.06518,0.11285,1.66475
0.06518,0.11285,1.66475
0.06518,0.11285,1.66475
0.06518,0.11285,1.66475
0.06518,0.11285,1.66475
0.06518,0.11285,1.66475
0.06518,0.11285,1.66475
0.06518,0.11285,1.66475
0.06518,0.11285,1.66475
0.06518,0.11285,1.66475
0.06518,0.11285,1.66475
0.06518,0.11285,1.66475
0.06518,0.11285,1.66475
0.06518,0.11285,1.66475
0.06518,0.11285,1.66475
0.06518,0.11285,1.66475
0.06518,0.11285,1.66475
0.06518,0.11285,1.66475
0.06518,0.11285,1.66475
0.06518,0.11285,1.66475
0.06518,0.11285,1.66475
0.06518,0.11285,1.66475
0.06518,0.11285,1.66475
0.06518,0.11285,1.66475
0.06518,0.11285,1.66475
0.06518,0.11285,1.66475
0.06518,0.11285,1.66475
0.06518,0.11285,1.66475
0.06518,0.11285,1.66475
0.06518,0.11285,1.66475
0.06518,0.11285,1.66475
0.06518,0.11285,1.66475
0.06518,0.11285,1.66475
0.06518,0.11285,1.66475
0.06518,0.11285,1.66475
0.06518,0.11285,1.66475
0.06518,0.11285,1.66475
0.06518,0.11285,1.66475
0.06518,0.11285,1.66475
0.06518,0.11285,1.66475
0.06518,0.11285,1.66475
0.06518,0.11285,1.66475
0.06518,0.11285,1.66475
0.06518,0.11285,1.66475
0.06518,0.11285,1.66475
0.06518,0.11285,1.66475
0.06518,0.11285,1.66475
0.06518,0.11285,1.66475
0.06518,0.11285,1.66475
0.06518,0.11285,1.66475
0.06518,0.11285,1.66475
0.06518,0.11285,1.66475
0.06518,0.11285,1.66475
0.06518,0.11285,1.66475
0.06518,0.11285,1.66475
0.06518,0.11285,1.66475
0.06518,0.11285,1.66475
0.06518,0.11285,1.66475
0.06518,0.11285,1.66475
0.06518,0.11285,1.66475
0.06518,0.11285,1.66475
0.06518,0.11285,1.66475
0.06518,0.11285,1.66475
0.06518,0.11285,1.66475
0.06518,0.11285,1.66475
0.06518,0.11285,1.66475
0.06518,0.11285,1.66475
0.06518,0.11285,1.66475
0.06518,0.11285,1.66475
0.06518,0.11285,1.66475
0.06518,0.11285,1.66475
0.06518,0.11285,1.66475
0.06518,0.11285,1.66475
0.06518,0.11285,1.66475
0.06518,0.11285,1.66475
0.06518,0.11285,1.66475
0.06518,0.11285,1.66475
0.06518,0.11285,1.66475
0.06518,0.11285,1.66475
0.06518,0.11285,1.66475
0.06518,0.11285,1.66475
0.06518,0.11285,1.66475
0.06518,0.11285,1.66475
0.06518,0.11285,1.66475
0.06518,0.11285,1.66475
0.06518,0.11285,1.66475
0.06518,0.11285,1.66475
0.06518,0.11285,1.66475
0.06518,0.11285,1.66475
0.06518,0.11285,1.66475
0.06518,0.11285,1.66475
0.06518,0.11285,1.66475
0.06518,0.11285,1.66475
0.06518,0.11285,1.66475
0.06518,0.11285,1.66475
0.06518,0.11285,1.66475
0.06518,0.11285,1.66475
0.06518,0.11285,1.66475
0.06518,0.11285,1.66475
0.06518,0.11285,1.66475
0.06518,0.11285,1.66475
0.06518,0.11285,1.66475
0.06518,0.11285,1.66475
0.06518,0.11285,1.66475
0.06518,0.11285,1.66475
0.06518,0.11285,1.66475
0.06518,0.11285,1.66475
0.06518,0.11285,1.66475
0.06518,0.11285,1.66475
0.06518,0.11285,1.66475
0.06518,0.11285,1.66475
0.06518,0.11285,1.66475
0.06518,0.11285,1.66475
0.06518,0.11285,1.66475
0.06518,0.11285,1.66475
0.06518,0.11285,1.66475
0.06518,0.11285,1.66475
0.06518,0.11285,1.66475
0.06518,0.11285,1.66475
0.06518,0.11285,1.66475
0.06518,0.11285,1.66475
0.06518,0.11285,1.66475
0.06518,0.11285,1.66475
0.06518,0.11285,1.66475
0.06518,0.11285,1.66475
0.06518,0.11285,1.66475
0.06518,0.11285,1.66475
0.06518,0.11285,1.66475
0.06518,0.11285,1.66475
0.06518,0.11285,1.66475
0.06518,0.11285,1.66475
0.06518,0.11285,1.66475
0.06518,0.11285,1.66475
0.06518,0.11285,1.66475
0.06518,0.11285,1.66475
0.06518,0.11285,1.66475
0.06518,0.11285,1.66475
0.06518,0.11285,1.66475
0.06518,0.11285,1.66475
0.06518,0.11285,1.66475
0.06518,0.11285,1.66475
0.06518,0.11285,1.66475
0.06518,0.11285,1.66475
0.06518,0.11285,1.66475
0.06518,0.11285,1.66475
0.06518,0.11285,1.66475
0.06518,0.11285,1.66475
0.06518,0.11285,1.66475
0.06518,0.11285,1.66475
0.06518,0.11285,1.66475
0.06518,0.11285,1.66475
0.06518,0.11285,1.66475
0.06518,0.11285,1.66475
0.06518,0.11285,1.66475
0.06518,0.11285,1.66475
0.06518,0.11285,1.66475
0.06518,0.11285,1.66475
0.06518,0.11285,1.66475
0.06518,0.11285,1.66475
0.06518,0.11285,1.66475
0.06518,0.11285,1.66475
0.06518,0.11285,1.66475
0.06518,0.11285,1.66475
0.06518,0.11285,1.66475
0.06518,0.11285,1.66475
0.06518,0.11285,1.66475
0.06518,0.11285,1.66475
0.06518,0.11285,1.66475
0.06518,0.11285,1.66475
0.06518,0.11285,1.66475
0.06518,0.11285,1.66475
0.06518,0.11285,1.66475
0.06518,0.11285,1.66475
0.06518,0.11285,1.66475
0.06518,0.11285,1.66475
0.06518,0.11285,1.66475
0.06518,0.11285,1.66475
0.06518,0.11285,1.66475
0.06518,0.11285,1.66475
0.06518,0.11285,1.66475
0.06518,0.11285,1.66475
0.06518,0.11285,1.66475
0.06518,0.11285,1.66475
0.06518,0.11285,1.66475
0.06518,0.11285,1.66475
0.06518,0.11285,1.66475
0.06518,0.11285,1.66475
0.06518,0.11285,1.66475
0.06518,0.11285,1.66475
0.06518,0.11285,1.66475
0.06518,0.11285,1.66475
0.06518,0.11285,1.66475
0.06518,0.11285,1.66475
0.06518,0.11285,1.66475
0.06518,0.11285,1.66475
0.06518,0.11285,1.66475
0.06518,0.11285,1.66475
0.06518,0.11285,1.66475
0.06518,0.11285,1.66475
0.06518,0.11285,1.66475
0.06518,0.11285,1.66475
0.06518,0.11285,1.66475
0.06518,0.11285,1.66475
0.06518,0.11285,1.66475
0.06518,0.11285,1.66475
0.06518,0.11285,1.66475
0.06518,0.11285,1.66475
0.06518,0.11285,1.66475
0.06518,0.11285,1.66475
0.06518,0.11285,1.66475
0.06518,0.11285,1.66475
0.06518,0.11285,1.66475
0.06518,0.11285,1.66475
0.06518,0.11285,1.66475
0.06518,0.11285,1.66475
0.06518,0.11285,1.66475
0.06518,0.11285,1.66475
0.06518,0.11285,1.66475
0.06518,0.11285,1.66475
0.06518,0.11285,1.66475
0.06518,0.11285,1.66475
0.06518,0.11285,1.66475
0.06518,0.11285,1.66475
0.06518,0.11285,1.66475
0.06518,0.11285,1.66475
0.06518,0.11285,1.66475
0.06518,0.11285,1.66475
0.06518,0.11285,1.66475
0.06518,0.11285,1.66475
0.06518,0.11285,1.66475
0.06518,0.11285,1.66475
0.06518,0.11285,1.66475
0.06518,0.11285,1.66475
0.06518,0.11285,1.66475
0.06518,0.11285,1.66475
0.06518,0.11285,1.66475
0.06518,0.11285,1.66475
0.06518,0.11285,1.66475
0.06518,0.11285,1.66475
0.06518,0.11285,1.66475
0.06518,0.11285,1.66475
0.06518,0.11285,1.66475
0.06518,0.11285,1.66475
0.06518,0.11285,1.66475
0.06518,0.11285,1.66475
0.06518,0.11285,1.66475
0.06518,0.11285,1.66475
0.06518,0.11285,1.66475
0.06518,0.11285,1.66475
0.06518,0.11285,1.66475
0.06518,0.11285,1.66475
0.06518,0.11285,1.66475
0.06518,0.11285,1.66475
0.06518,0.11285,1.66475
0.06518,0.11285,1.66475
0.06518,0.11285,1.66475
0.06518,0.11285,1.66475
0.06518,0.11285,1.66475
0.06518,0.11285,1.66475
0.06518,0.11285,1.66475
0.06518,0.11285,1.66475
0.06518,0.11285,1.66475
0.06518,0.11285,1.66475
0.06518,0.11285,1.66475
0.06518,0.11285,1.66475
0.06518,0.11285,1.66475
0.06518,0.11285,1.66475
0.06518,0.11285,1.66475
0.06518,0.11285,1.66475
0.06518,0.11285,1.66475
0.06518,0.11285,1.66475
0.06518,0.11285,1.66475
0.06518,0.11285,1.66475
0.06518,0.11285,1.66475
0.06518,0.11285,1.66475
0.06518,0.11285,1.66475
0.06518,0.11285,1.66475
0.06518,0.11285,1.66475
0.06518,0.11285,1.66475
0.06518,0.11285,1.66475
0.06518,0.11285,1.66475
0.06518,0.11285,1.66475
0.06518,0.11285,1.66475
0.06518,0.11285,1.66475
0.06518,0.11285,1.66475
0.06518,0.11285,1.66475
0.06518,0.11285,1.66475
0.06518,0.11285,1.66475
0.06518,0.11285,1.66475
0.06518,0.11285,1.66475
0.06518,0.11285,1.66475
0.06518,0.11285,1.66475
0.06518,0.11285,1.66475
0.06518,0.11285,1.66475
0.06518,0.11285,1.66475
0.06518,0.11285,1.66475
0.06518,0.11285,1.66475
0.06518,0.11285,1.66475
0.06518,0.11285,1.66475
0.06518,0.11285,1.66475
0.06518,0.11285,1.66475
0.06518,0.11285,1.66475
0.06518,0.11285,1.66475
0.06518,0.11285,1.66475
0.06518,0.11285,1.66475
0.06518,0.11285,1.66475
0.06518,0.11285,1.66475
0.06518,0.11285,1.66475
0.06518,0.11285,1.66475
0.06518,0.11285,1.66475
0.06518,0.11285,1.66475
0.06518,0.11285,1.66475
0.06518,0.11285,1.66475
0.06518,0.11285,1.66475
0.06518,0.11285,1.66475
0.06518,0.11285,1.66475
0.06518,0.11285,1.66475
0.06518,0.11285,1.66475
0.06518,0.11285,1.66475
0.06518,0.11285,1.66475
0.06518,0.11285,1.66475
0.06518,0.11285,1.66475
0.06518,0.11285,1.66475
0.06518,0.11285,1.66475
0.06518,0.11285,1.66475
0.06518,0.11285,1.66475
0.06518,0.11285,1.66475
0.06518,0.11285,1.66475
0.06518,0.11285,1.66475
0.06518,0.11285,1.66475
0.06518,0.11285,1.66475
0.06518,0.11285,1.66475
0.06518,0.11285,1.66475
0.06518,0.11285,1.66475
0.06518,0.11285,1.66475
0.06518,0.11285,1.66475
0.06518,0.11285,1.66475
0.06518,0.11285,1.66475
0.06518,0.11285,1.66475
0.06518,0.11285,1.66475
0.06518,0.11285,1.66475
0.06518,0.11285,1.66475
0.06518,0.11285,1.66475
0.06518,0.11285,1.66475
0.06518,0.11285,1.66475
0.06518,0.11285,1.66475
0.06518,0.11285,1.66475
0.06518,0.11285,1.66475
0.06518,0.11285,1.66475
0.06518,0.11285,1.66475
0.06518,0.11285,1.66475
0.06518,0.11285,1.66475
0.06518,0.11285,1.66475
0.06518,0.11285,1.66475
0.06518,0.11285,1.66475
0.06518,0.11285,1.66475
0.06518,0.11285,1.66475
0.06518,0.11285,1.66475
0.06518,0.11285,1.66475
0.06518,0.11285,1.66475
0.06518,0.11285,1.66475
0.06518,0.11285,1.66475
0.06518,0.11285,1.66475
0.06518,0.11285,1.66475
0.06518,0.11285,1.66475
0.06518,0.11285,1.66475
0.06518,0.11285,1.66475
0.06518,0.11285,1.66475
0.06518,0.11285,1.66475
0.06518,0.11285,1.66475
0.06518,0.11285,1.66475
0.06518,0.11285,1.66475
0.06518,0.11285,1.66475
0.06518,0.11285,1.66475
0.06518,0.11285,1.66475
0.06518,0.11285,1.66475
0.06518,0.11285,1.66475
0.06518,0.11285,1.66475
0.06518,0.11285,1.66475
0.06518,0.11285,1.66475
0.06518,0.11285,1.66475
0.06518,0.11285,1.66475
0.06518,0.11285,1.66475
0.06518,0.11285,1.66475
0.06518,0.11285,1.66475
0.06518,0.11285,1.66475
0.06518,0.11285,1.66475
0.06518,0.11285,1.66475
0.06518,0.11285,1.66475
0.06518,0.11285,1.66475
0.06518,0.11285,1.66475
0.06518,0.11285,1.66475
0.06518,0.11285,1.66475
0.06518,0.11285,1.66475
0.06518,0.11285,1.66475
0.06518,0.11285,1.66475
0.06518,0.11285,1.66475
0.06518,0.11285,1.66475
0.06518,0.11285,1.66475
0.06518,0.11285,1.66475
0.06518,0.11285,1.66475
0.06518,0.11285,1.66475
0.06518,0.11285,1.66475
0.06518,0.11285,1.66475
0.06518,0.11285,1.66475
0.06518,0.11285,1.66475
0.06518,0.11285,1.66475
0.06518,0.11285,1.66475
0.06518,0.11285,1.66475
0.06518,0.11285,1.66475
0.06518,0.11285,1.66475
0.06518,0.11285,1.66475
0.06518,0.11285,1.66475
0.06518,0.11285,1.66475
0.06518,0.11285,1.66475
0.06518,0.11285,1.66475
0.06518,0.11285,1.66475
0.06518,0.11285,1.66475
0.06518,0.11285,1.66475
0.06518,0.11285,1.66475
0.06518,0.11285,1.66475
0.06518,0.11285,1.66475
0.06518,0.11285,1.66475
0.06518,0.11285,1.66475
0.06518,0.11285,1.66475
0.06518,0.11285,1.66475
0.06518,0.11285,1.66475
0.06518,0.11285,1.66475
0.06518,0.11285,1.66475
0.06518,0.11285,1.66475
0.06518,0.11285,1.66475
0.06518,0.11285,1.66475
0.06518,0.11285,1.66475
0.06518,0.11285,1.66475
0.06518,0.11285,1.66475
0.06518,0.11285,1.66475
0.06518,0.11285,1.66475
0.06518,0.11285,1.66475
0.06518,0.11285,1.66475
0.06518,0.11285,1.66475
0.06518,0.11285,1.66475
0.06518,0.11285,1.66475
0.06518,0.11285,1.66475
0.06518,0.11285,1.66475
0.06518,0.11285,1.66475
0.06518,0.11285,1.66475
0.06518,0.11285,1.66475
0.06518,0.11285,1.66475
0.06518,0.11285,1.66475
0.06518,0.11285,1.66475
0.06518,0.11285,1.66475
0.06518,0.11285,1.66475
0.06518,0.11285,1.66475
0.06518,0.11285,1.66475
0.06518,0.11285,1.66475
0.06518,0.11285,1.66475
0.06518,0.11285,1.66475
0.06518,0.11285,1.66475
0.06518,0.11285,1.66475
0.06518,0.11285,1.66475
0.06518,0.11285,1.66475
0.06518,0.11285,1.66475
0.06518,0.11285,1.66475
0.06518,0.11285,1.66475
0.06518,0.11285,1.66475
0.06518,0.11285,1.66475
0.06518,0.11285,1.66475
0.06518,0.11285,1.66475
0.06518,0.11285,1.66475
0.06518,0.11285,1.66475
0.06518,0.11285,1.66475
0.06518,0.11285,1.66475
0.06518,0.11285,1.66475
0.06518,0.11285,1.66475
0.06518,0.11285,1.66475
0.06518,0.11285,1.66475
0.06518,0.11285,1.66475
0.06518,0.11285,1.66475
0.06518,0.11285,1.66475
0.06518,0.11285,1.66475
0.06518,0.11285,1.66475
0.06518,0.11285,1.66475
0.06518,0.11285,1.66475
0.06518,0.11285,1.66475
0.06518,0.11285,1.66475
0.06518,0.11285,1.66475
0.06518,0.11285,1.66475
0.06518,0.11285,1.66475
0.06518,0.11285,1.66475
0.06518,0.11285,1.66475
0.06518,0.11285,1.66475
0.06518,0.11285,1.66475
0.06518,0.11285,1.66475
0.06518,0.11285,1.66475
0.06518,0.11285,1.66475
0.06518,0.11285,1.66475
0.06518,0.11285,1.66475
0.06518,0.11285,1.66475
0.06518,0.11285,1.66475
0.06518,0.11285,1.66475
0.06518,0.11285,1.66475
0.06518,0.11285,1.66475
0.06518,0.11285,1.66475
0.06518,0.11285,1.66475
0.06518,0.11285,1.66475
0.06518,0.11285,1.66475
0.06518,0.11285,1.66475
0.06518,0.11285,1.66475
0.06518,0.11285,1.66475
0.06518,0.11285,1.66475
0.06518,0.11285,1.66475
0.06518,0.11285,1.66475
0.06518,0.11285,1.66475
0.06518,0.11285,1.66475
0.06518,0.11285,1.66475
0.06518,0.11285,1.66475
0.06518,0.11285,1.66475
0.06518,0.11285,1.66475
0.06518,0.11285,1.66475
0.06518,0.11285,1.66475
0.06518,0.11285,1.66475
0.06518,0.11285,1.66475
0.06518,0.11285,1.66475
0.06518,0.11285,1.66475
0.06518,0.11285,1.66475
0.06518,0.11285,1.66475
0.06518,0.11285,1.66475
0.06518,0.11285,1.66475
0.06518,0.11285,1.66475
0.06518,0.11285,1.66475
0.06518,0.11285,1.66475
0.06518,0.11285,1.66475
0.06518,0.11285,1.66475
0.06518,0.11285,1.66475
0.06518,0.11285,1.66475
0.06518,0.11285,1.66475
0.06518,0.11285,1.66475
0.06518,0.11285,1.66475
0.06518,0.11285,1.66475
0.06518,0.11285,1.66475
0.06518,0.11285,1.66475
0.06518,0.11285,1.66475
0.06518,0.11285,1.66475
0.06518,0.11285,1.66475
0.06518,0.11285,1.66475
0.06518,0.11285,1.66475
0.06518,0.11285,1.66475
0.06518,0.11285,1.66475
0.06518,0.11285,1.66475
0.06518,0.11285,1.66475
0.06518,0.11285,1.66475
0.06518,0.11285,1.66475
0.06518,0.11285,1.66475
0.06518,0.11285,1.66475
0.06518,0.11285,1.66475
0.06518,0.11285,1.66475
0.06518,0.11285,1.66475
0.06518,0.11285,1.66475
0.06518,0.11285,1.66475
0.06518,0.11285,1.66475
0.06518,0.11285,1.66475
0.06518,0.11285,1.66475
0.06518,0.11285,1.66475
0.06518,0.11285,1.66475
0.06518,0.11285,1.66475
0.06518,0.11285,1.66475
0.06518,0.11285,1.66475
0.06518,0.11285,1.66475
0.06518,0.11285,1.66475
0.06518,0.11285,1.66475
0.06518,0.11285,1.66475
0.06518,0.11285,1.66475
0.06518,0.11285,1.66475
0.06518,0.11285,1.66475
0.06518,0.11285,1.66475
0.06518,0.11285,1.66475
0.06518,0.11285,1.66475
0.06518,0.11285,1.66475
0.06518,0.11285,1.66475
0.06518,0.11285,1.66475
0.06518,0.11285,1.66475
0.06518,0.11285,1.66475
0.06518,0.11285,1.66475
0.06518,0.11285,1.66475
0.06518,0.11285,1.66475
0.06518,0.11285,1.66475
0.06518,0.11285,1.66475
0.06518,0.11285,1.66475
0.06518,0.11285,1.66475
0.06518,0.11285,1.66475
0.06518,0.11285,1.66475
0.06518,0.11285,1.66475
0.06518,0.11285,1.66475
0.06518,0.11285,1.66475
0.06518,0.11285,1.66475
0.06518,0.11285,1.66475
0.06518,0.11285,1.66475
0.06518,0.11285,1.66475
0.06518,0.11285,1.66475
0.06518,0.11285,1.66475
0.06518,0.11285,1.66475
0.06518,0.11285,1.66475
0.06518,0.11285,1.66475
0.06518,0.11285,1.66475
0.06518,0.11285,1.66475
0.06518,0.11285,1.66475
0.06518,0.11285,1.66475
0.06518,0.11285,1.66475
0.06518,0.11285,1.66475
0.06518,0.11285,1.66475
0.06518,0.11285,1.66475
0.06518,0.11285,1.66475
0.06518,0.11285,1.66475
0.06518,0.11285,1.66475
0.06518,0.11285,1.66475
0.06518,0.11285,1.66475
0.06518,0.11285,1.66475
0.06518,0.11285,1.66475
0.06518,0.11285,1.66475
0.06518,0.11285,1.66475
0.06518,0.11285,1.66475
0.06518,0.11285,1.66475
0.06518,0.11285,1.66475
0.06518,0.11285,1.66475
0.06518,0.11285,1.66475
0.06518,0.11285,1.66475
0.06518,0.11285,1.66475
0.06518,0.11285,1.66475
0.06518,0.11285,1.66475
0.06518,0.11285,1.66475
0.06518,0.11285,1.66475
0.06518,0.11285,1.66475
0.06518,0.11285,1.66475
0.06518,0.11285,1.66475
0.06518,0.11285,1.66475
0.06518,0.11285,1.66475
0.06518,0.11285,1.66475
0.06518,0.11285,1.66475
0.06518,0.11285,1.66475
0.06518,0.11285,1.66475
0.06518,0.11285,1.66475
0.06518,0.11285,1.66475
0.06518,0.11285,1.66475
0.06518,0.11285,1.66475
0.06518,0.11285,1.66475
0.06518,0.11285,1.66475
0.06518,0.11285,1.66475
0.06518,0.11285,1.66475
0.06518,0.11285,1.66475
0.06518,0.11285,1.66475
0.06518,0.11285,1.66475
0.06518,0.11285,1.66475
0.06518,0.11285,1.66475
0.06518,0.11285,1.66475
0.06518,0.11285,1.66475
0.06518,0.11285,1.66475
0.06518,0.11285,1.66475
0.06518,0.11285,1.66475
0.06518,0.11285,1.66475
0.06518,0.11285,1.66475
0.06518,0.11285,1.66475
0.06518,0.11285,1.66475
0.06518,0.11285,1.66475
0.06518,0.11285,1.66475
0.06518,0.11285,1.66475
0.06518,0.11285,1.66475
0.06518,0.11285,1.66475
0.06518,0.11285,1.66475
0.06518,0.11285,1.66475
0.06518,0.11285,1.66475
0.06518,0.11285,1.66475
0.06518,0.11285,1.66475
0.06518,0.11285,1.66475
0.06518,0.11285,1.66475
0.06518,0.11285,1.66475
0.06518,0.11285,1.66475
0.06518,0.11285,1.66475
0.06518,0.11285,1.66475
0.06518,0.11285,1.66475
0.06518,0.11285,1.66475
0.06518,0.11285,1.66475
0.06518,0.11285,1.66475
0.06518,0.11285,1.66475
0.06518,0.11285,1.66475
0.06518,0.11285,1.66475
0.06518,0.11285,1.66475
0.06518,0.11285,1.66475
0.06518,0.11285,1.66475
0.06518,0.11285,1.66475
0.06518,0.11285,1.66475
0.06518,0.11285,1.66475
0.06518,0.11285,1.66475
0.06518,0.11285,1.66475
0.06518,0.11285,1.66475
0.06518,0.11285,1.66475
0.06518,0.11285,1.66475
0.06518,0.11285,1.66475
0.06518,0.11285,1.66475
0.06518,0.11285,1.66475
0.06518,0.11285,1.66475
0.06518,0.11285,1.66475
0.06518,0.11285,1.66475
0.06518,0.11285,1.66475
0.06518,0.11285,1.66475
0.06518,0.11285,1.66475
0.06518,0.11285,1.66475
0.06518,0.11285,1.66475
0.06518,0.11285,1.66475
0.06518,0.11285,1.66475
0.06518,0.11285,1.66475
0.06518,0.11285,1.66475
0.06518,0.11285,1.66475
0.06518,0.11285,1.66475
0.06518,0.11285,1.66475
0.06518,0.11285,1.66475
0.06518,0.11285,1.66475
0.06518,0.11285,1.66475
0.06518,0.11285,1.66475
0.06518,0.11285,1.66475
0.06518,0.11285,1.66475
0.06518,0.11285,1.66475
0.06518,0.11285,1.66475
0.06518,0.11285,1.66475
0.06518,0.11285,1.66475
0.06518,0.11285,1.66475
0.06518,0.11285,1.66475
0.06518,0.11285,1.66475
0.06518,0.11285,1.66475
0.06518,0.11285,1.66475
0.06518,0.11285,1.66475
0.06518,0.11285,1.66475
0.06518,0.11285,1.66475
0.06518,0.11285,1.66475
0.06518,0.11285,1.66475
0.06518,0.11285,1.66475
0.06518,0.11285,1.66475
0.06518,0.11285,1.66475
0.06518,0.11285,1.66475
0.06518,0.11285,1.66475
0.06518,0.11285,1.66475
0.06518,0.11285,1.66475
0.06518,0.11285,1.66475
0.06518,0.11285,1.66475
0.06518,0.11285,1.66475
0.06518,0.11285,1.66475
0.06518,0.11285,1.66475
0.06518,0.11285,1.66475
0.06518,0.11285,1.66475
0.06518,0.11285,1.66475
0.06518,0.11285,1.66475
0.06518,0.11285,1.66475
0.06518,0.11285,1.66475
0.06518,0.11285,1.66475
0.06518,0.11285,1.66475
0.06518,0.11285,1.66475
0.06518,0.11285,1.66475
0.06518,0.11285,1.66475
0.06518,0.11285,1.66475
0.06518,0.11285,1.66475
0.06518,0.11285,1.66475
0.06518,0.11285,1.66475
0.06518,0.11285,1.66475
0.06518,0.11285,1.66475
0.06518,0.11285,1.66475
0.06518,0.11285,1.66475
0.06518,0.11285,1.66475
0.06518,0.11285,1.66475
0.06518,0.11285,1.66475
0.06518,0.11285,1.66475
0.06518,0.11285,1.66475
0.06518,0.11285,1.66475
0.06518,0.11285,1.66475
0.06518,0.11285,1.66475
0.06518,0.11285,1.66475
0.06518,0.11285,1.66475
0.06518,0.11285,1.66475
0.06518,0.11285,1.66475
0.06518,0.11285,1.66475
0.06518,0.11285,1.66475
0.06518,0.11285,1.66475
0.06518,0.11285,1.66475
0.06518,0.11285,1.66475
0.06518,0.11285,1.66475
0.06518,0.11285,1.66475
0.06518,0.11285,1.66475
0.06518,0.11285,1.66475
0.06518,0.11285,1.66475
0.06518,0.11285,1.66475
0.06518,0.11285,1.66475
0.06518,0.11285,1.66475
0.06518,0.11285,1.66475
0.06518,0.11285,1.66475
0.06518,0.11285,1.66475
0.06518,0.11285,1.66475
0.06518,0.11285,1.66475
0.06518,0.11285,1.66475
0.06518,0.11285,1.66475
0.06518,0.11285,1.66475
0.06518,0.11285,1.66475
0.06518,0.11285,1.66475
0.06518,0.11285,1.66475
0.06518,0.11285,1.66475
0.06518,0.11285,1.66475
0.06518,0.11285,1.66475
0.06518,0.11285,1.66475
0.06518,0.11285,1.66475
0.06518,0.11285,1.66475
0.06518,0.11285,1.66475
0.06518,0.11285,1.66475
0.06518,0.11285,1.66475
0.06518,0.11285,1.66475
0.06518,0.11285,1.66475
0.06518,0.11285,1.66475
0.06518,0.11285,1.66475
0.06518,0.11285,1.66475
0.06518,0.11285,1.66475
0.06518,0.11285,1.66475
0.06518,0.11285,1.66475
0.06518,0.11285,1.66475
0.06518,0.11285,1.66475
0.04378,0.13134,1.69584
0.04378,0.13134,1.69584
0.04378,0.13134,1.69584
0.04378,0.13134,1.69584
0.04378,0.13134,1.69584
0.04378,0.13134,1.69584
0.04378,0.13134,1.69584
0.04378,0.13134,1.69584
0.04378,0.13134,1.69584
0.04378,0.13134,1.69584
0.04378,0.13134,1.69584
0.04378,0.13134,1.69584
0.04378,0.13134,1.69584
0.04378,0.13134,1.69584
0.04378,0.13134,1.69584
0.04378,0.13134,1.69584
0.04378,0.13134,1.69584
0.04378,0.13134,1.69584
0.04378,0.13134,1.69584
0.04378,0.13134,1.69584
0.04378,0.13134,1.69584
0.04378,0.13134,1.69584
0.04378,0.13134,1.69584
0.04378,0.13134,1.69584
0.04378,0.13134,1.69584
0.04378,0.13134,1.69584
0.04378,0.13134,1.69584
0.04378,0.13134,1.69584
0.04378,0.13134,1.69584
0.04378,0.13134,1.69584
0.04378,0.13134,1.69584
0.04378,0.13134,1.69584
0.04378,0.13134,1.69584
0.04378,0.13134,1.69584
0.04378,0.13134,1.69584
0.04378,0.13134,1.69584
0.04378,0.13134,1.69584
0.04378,0.13134,1.69584
0.04378,0.13134,1.69584
0.04378,0.13134,1.69584
0.04378,0.13134,1.69584
0.04378,0.13134,1.69584
0.04378,0.13134,1.69584
0.04378,0.13134,1.69584
0.04378,0.13134,1.69584
0.04378,0.13134,1.69584
0.04378,0.13134,1.69584
0.04378,0.13134,1.69584
0.04378,0.13134,1.69584
0.04378,0.13134,1.69584
0.04378,0.13134,1.69584
0.04378,0.13134,1.69584
0.04378,0.13134,1.69584
0.04378,0.13134,1.69584
0.04378,0.13134,1.69584
0.04378,0.13134,1.69584
0.04378,0.13134,1.69584
0.04378,0.13134,1.69584
0.04378,0.13134,1.69584
0.04378,0.13134,1.69584
0.04378,0.13134,1.69584
0.04378,0.13134,1.69584
0.04378,0.13134,1.69584
0.04378,0.13134,1.69584
0.04378,0.13134,1.69584
0.04378,0.13134,1.69584
0.04378,0.13134,1.69584
0.04378,0.13134,1.69584
0.04378,0.13134,1.69584
0.04378,0.13134,1.69584
0.04378,0.13134,1.69584
0.04378,0.13134,1.69584
0.04378,0.13134,1.69584
0.04378,0.13134,1.69584
0.04378,0.13134,1.69584
0.04378,0.13134,1.69584
0.04378,0.13134,1.69584
0.04378,0.13134,1.69584
0.04378,0.13134,1.69584
0.04378,0.13134,1.69584
0.04378,0.13134,1.69584
0.04378,0.13134,1.69584
0.04378,0.13134,1.69584
0.04378,0.13134,1.69584
0.04378,0.13134,1.69584
0.04378,0.13134,1.69584
0.04378,0.13134,1.69584
0.04378,0.13134,1.69584
0.04378,0.13134,1.69584
0.04378,0.13134,1.69584
0.04378,0.13134,1.69584
0.04378,0.13134,1.69584
0.04378,0.13134,1.69584
0.04378,0.13134,1.69584
0.04378,0.13134,1.69584
0.04378,0.13134,1.69584
0.04378,0.13134,1.69584
0.04378,0.13134,1.69584
0.04378,0.13134,1.69584
0.04378,0.13134,1.69584
0.04378,0.13134,1.69584
0.04378,0.13134,1.69584
0.04378,0.13134,1.69584
0.04378,0.13134,1.69584
0.04378,0.13134,1.69584
0.04378,0.13134,1.69584
0.04378,0.13134,1.69584
0.04378,0.13134,1.69584
0.04378,0.13134,1.69584
0.04378,0.13134,1.69584
0.04378,0.13134,1.69584
0.04378,0.13134,1.69584
0.04378,0.13134,1.69584
0.04378,0.13134,1.69584
0.04378,0.13134,1.69584
0.04378,0.13134,1.69584
0.04378,0.13134,1.69584
0.04378,0.13134,1.69584
0.04378,0.13134,1.69584
0.04378,0.13134,1.69584
0.04378,0.13134,1.69584
0.04378,0.13134,1.69584
0.04378,0.13134,1.69584
0.04378,0.13134,1.69584
0.04378,0.13134,1.69584
0.04378,0.13134,1.69584
0.04378,0.13134,1.69584
0.04378,0.13134,1.69584
0.04378,0.13134,1.69584
0.04378,0.13134,1.69584
0.04378,0.13134,1.69584
0.04378,0.13134,1.69584
0.04378,0.13134,1.69584
0.04378,0.13134,1.69584
0.04378,0.13134,1.69584
0.04378,0.13134,1.69584
0.04378,0.13134,1.69584
0.04378,0.13134,1.69584
0.04378,0.13134,1.69584
0.04378,0.13134,1.69584
0.04378,0.13134,1.69584
0.04378,0.13134,1.69584
0.04378,0.13134,1.69584
0.04378,0.13134,1.69584
0.04378,0.13134,1.69584
0.04378,0.13134,1.69584
0.04378,0.13134,1.69584
0.04378,0.13134,1.69584
0.04378,0.13134,1.69584
0.04378,0.13134,1.69584
0.04378,0.13134,1.69584
0.04378,0.13134,1.69584
0.04378,0.13134,1.69584
0.04378,0.13134,1.69584
0.04378,0.13134,1.69584
0.04378,0.13134,1.69584
0.04378,0.13134,1.69584
0.04378,0.13134,1.69584
0.04378,0.13134,1.69584
0.04378,0.13134,1.69584
0.04378,0.13134,1.69584
0.04378,0.13134,1.69584
0.04378,0.13134,1.69584
0.04378,0.13134,1.69584
0.04378,0.13134,1.69584
0.04378,0.13134,1.69584
0.04378,0.13134,1.69584
0.04378,0.13134,1.69584
0.04378,0.13134,1.69584
0.04378,0.13134,1.69584
0.04378,0.13134,1.69584
0.04378,0.13134,1.69584
0.04378,0.13134,1.69584
0.04378,0.13134,1.69584
0.04378,0.13134,1.69584
0.04378,0.13134,1.69584
0.04378,0.13134,1.69584
0.04378,0.13134,1.69584
0.04378,0.13134,1.69584
0.04378,0.13134,1.69584
0.04378,0.13134,1.69584
0.04378,0.13134,1.69584
0.04378,0.13134,1.69584
0.04378,0.13134,1.69584
0.04378,0.13134,1.69584
0.04378,0.13134,1.69584
0.04378,0.13134,1.69584
0.04378,0.13134,1.69584
0.04378,0.13134,1.69584
0.04378,0.13134,1.69584
0.04378,0.13134,1.69584
0.04378,0.13134,1.69584
0.04378,0.13134,1.69584
0.04378,0.13134,1.69584
0.04378,0.13134,1.69584
0.04378,0.13134,1.69584
0.04378,0.13134,1.69584
0.04378,0.13134,1.69584
0.04378,0.13134,1.69584
0.04378,0.13134,1.69584
0.04378,0.13134,1.69584
0.04378,0.13134,1.69584
0.04378,0.13134,1.69584
0.04378,0.13134,1.69584
0.04378,0.13134,1.69584
0.04378,0.13134,1.69584
0.04378,0.13134,1.69584
0.04378,0.13134,1.69584
0.04378,0.13134,1.69584
0.04378,0.13134,1.69584
0.04378,0.13134,1.69584
0.04378,0.13134,1.69584
0.04378,0.13134,1.69584
0.04378,0.13134,1.69584
0.04378,0.13134,1.69584
0.04378,0.13134,1.69584
0.04378,0.13134,1.69584
0.04378,0.13134,1.69584
0.04378,0.13134,1.69584
0.04378,0.13134,1.69584
0.04378,0.13134,1.69584
0.04378,0.13134,1.69584
0.04378,0.13134,1.69584
0.04378,0.13134,1.69584
0.04378,0.13134,1.69584
0.04378,0.13134,1.69584
0.04378,0.13134,1.69584
0.04378,0.13134,1.69584
0.04378,0.13134,1.69584
0.04378,0.13134,1.69584
0.04378,0.13134,1.69584
0.04378,0.13134,1.69584
0.04378,0.13134,1.69584
0.04378,0.13134,1.69584
0.04378,0.13134,1.69584
0.04378,0.13134,1.69584
0.04378,0.13134,1.69584
0.04378,0.13134,1.69584
0.04378,0.13134,1.69584
0.04378,0.13134,1.69584
0.04378,0.13134,1.69584
0.04378,0.13134,1.69584
0.04378,0.13134,1.69584
0.04378,0.13134,1.69584
0.04378,0.13134,1.69584
0.04378,0.13134,1.69584
0.04378,0.13134,1.69584
0.04378,0.13134,1.69584
0.04378,0.13134,1.69584
0.04378,0.13134,1.69584
0.04378,0.13134,1.69584
0.04378,0.13134,1.69584
0.04378,0.13134,1.69584
0.04378,0.13134,1.69584
0.04378,0.13134,1.69584
0.04378,0.13134,1.69584
0.04378,0.13134,1.69584
0.04378,0.13134,1.69584
0.04378,0.13134,1.69584
0.04378,0.13134,1.69584
0.04378,0.13134,1.69584
0.04378,0.13134,1.69584
0.04378,0.13134,1.69584
0.04378,0.13134,1.69584
0.04378,0.13134,1.69584
0.04378,0.13134,1.69584
0.04378,0.13134,1.69584
0.04378,0.13134,1.69584
0.04378,0.13134,1.69584
0.04378,0.13134,1.69584
0.04378,0.13134,1.69584
0.04378,0.13134,1.69584
0.04378,0.13134,1.69584
0.04378,0.13134,1.69584
0.04378,0.13134,1.69584
0.04378,0.13134,1.69584
0.04378,0.13134,1.69584
0.04378,0.13134,1.69584
0.04378,0.13134,1.69584
0.04378,0.13134,1.69584
0.04378,0.13134,1.69584
0.04378,0.13134,1.69584
0.04378,0.13134,1.69584
0.04378,0.13134,1.69584
0.04378,0.13134,1.69584
0.04378,0.13134,1.69584
0.04378,0.13134,1.69584
0.04378,0.13134,1.69584
0.04378,0.13134,1.69584
0.04378,0.13134,1.69584
0.04378,0.13134,1.69584
0.04378,0.13134,1.69584
0.04378,0.13134,1.69584
0.04378,0.13134,1.69584
0.04378,0.13134,1.69584
0.04378,0.13134,1.69584
0.04378,0.13134,1.69584
0.04378,0.13134,1.69584
0.04378,0.13134,1.69584
0.04378,0.13134,1.69584
0.04378,0.13134,1.69584
0.04378,0.13134,1.69584
0.04378,0.13134,1.69584
0.04378,0.13134,1.69584
0.04378,0.13134,1.69584
0.04378,0.13134,1.69584
0.04378,0.13134,1.69584
0.04378,0.13134,1.69584
0.04378,0.13134,1.69584
0.04378,0.13134,1.69584
0.04378,0.13134,1.69584
0.04378,0.13134,1.69584
0.04378,0.13134,1.69584
0.04378,0.13134,1.69584
0.04378,0.13134,1.69584
0.04378,0.13134,1.69584
0.04378,0.13134,1.69584
0.04378,0.13134,1.69584
0.04378,0.13134,1.69584
0.04378,0.13134,1.69584
0.04378,0.13134,1.69584
0.04378,0.13134,1.69584
0.04378,0.13134,1.69584
0.04378,0.13134,1.69584
0.04378,0.13134,1.69584
0.04378,0.13134,1.69584
0.04378,0.13134,1.69584
0.04378,0.13134,1.69584
0.04378,0.13134,1.69584
0.04378,0.13134,1.69584
0.04378,0.13134,1.69584
0.04378,0.13134,1.69584
0.04378,0.13134,1.69584
0.04378,0.13134,1.69584
0.04378,0.13134,1.69584
0.04378,0.13134,1.69584
0.04378,0.13134,1.69584
0.04378,0.13134,1.69584
0.04378,0.13134,1.69584
0.04378,0.13134,1.69584
0.04378,0.13134,1.69584
0.04378,0.13134,1.69584
0.04378,0.13134,1.69584
0.04378,0.13134,1.69584
0.04378,0.13134,1.69584
0.04378,0.13134,1.69584
0.04378,0.13134,1.69584
0.04378,0.13134,1.69584
0.04378,0.13134,1.69584
0.04378,0.13134,1.69584
0.04378,0.13134,1.69584
0.04378,0.13134,1.69584
0.04378,0.13134,1.69584
0.04378,0.13134,1.69584
0.04378,0.13134,1.69584
0.04378,0.13134,1.69584
0.04378,0.13134,1.69584
0.04378,0.13134,1.69584
0.04378,0.13134,1.69584
0.04378,0.13134,1.69584
0.04378,0.13134,1.69584
0.04378,0.13134,1.69584
0.04378,0.13134,1.69584
0.04378,0.13134,1.69584
0.04378,0.13134,1.69584
0.04378,0.13134,1.69584
0.04378,0.13134,1.69584
0.04378,0.13134,1.69584
0.04378,0.13134,1.69584
0.04378,0.13134,1.69584
0.04378,0.13134,1.69584
0.04378,0.13134,1.69584
0.04378,0.13134,1.69584
0.04378,0.13134,1.69584
0.04378,0.13134,1.69584
0.04378,0.13134,1.69584
0.04378,0.13134,1.69584
0.04378,0.13134,1.69584
0.04378,0.13134,1.69584
0.04378,0.13134,1.69584
0.04378,0.13134,1.69584
0.04378,0.13134,1.69584
0.04378,0.13134,1.69584
0.04378,0.13134,1.69584
0.04378,0.13134,1.69584
0.06373,0.13280,1.72263
0.06373,0.13280,1.72263
0.06373,0.13280,1.72263
0.06373,0.13280,1.72263
0.06373,0.13280,1.72263
0.06373,0.13280,1.72263
0.06373,0.13280,1.72263
0.06373,0.13280,1.72263
0.06373,0.13280,1.72263
0.06373,0.13280,1.72263
0.06373,0.13280,1.72263
0.06373,0.13280,1.72263
0.06373,0.13280,1.72263
0.06373,0.13280,1.72263
0.06373,0.13280,1.72263
0.06373,0.13280,1.72263
0.06373,0.13280,1.72263
0.06373,0.13280,1.72263
0.06373,0.13280,1.72263
0.06373,0.13280,1.72263
0.06373,0.13280,1.72263
0.06373,0.13280,1.72263
0.06373,0.13280,1.72263
0.06373,0.13280,1.72263
0.06373,0.13280,1.72263
0.06373,0.13280,1.72263
0.06373,0.13280,1.72263
0.06373,0.13280,1.72263
0.06373,0.13280,1.72263
0.06373,0.13280,1.72263
0.06373,0.13280,1.72263
0.06373,0.13280,1.72263
0.06373,0.13280,1.72263
0.06373,0.13280,1.72263
0.06373,0.13280,1.72263
0.06373,0.13280,1.72263
0.06373,0.13280,1.72263
0.06373,0.13280,1.72263
0.06373,0.13280,1.72263
0.06373,0.13280,1.72263
0.06373,0.13280,1.72263
0.06373,0.13280,1.72263
0.06373,0.13280,1.72263
0.06373,0.13280,1.72263
0.06373,0.13280,1.72263
0.06373,0.13280,1.72263
0.06373,0.13280,1.72263
0.06373,0.13280,1.72263
0.06373,0.13280,1.72263
0.06373,0.13280,1.72263
0.06373,0.13280,1.72263
0.06373,0.13280,1.72263
0.06373,0.13280,1.72263
0.06373,0.13280,1.72263
0.06373,0.13280,1.72263
0.06373,0.13280,1.72263
0.06373,0.13280,1.72263
0.06373,0.13280,1.72263
0.06373,0.13280,1.72263
0.06373,0.13280,1.72263
0.06373,0.13280,1.72263
0.06373,0.13280,1.72263
0.06373,0.13280,1.72263
0.06373,0.13280,1.72263
0.06373,0.13280,1.72263
0.06373,0.13280,1.72263
0.06373,0.13280,1.72263
0.06373,0.13280,1.72263
0.06373,0.13280,1.72263
0.06373,0.13280,1.72263
0.06373,0.13280,1.72263
0.06373,0.13280,1.72263
0.06373,0.13280,1.72263
0.06373,0.13280,1.72263
0.06373,0.13280,1.72263
0.06373,0.13280,1.72263
0.06373,0.13280,1.72263
0.06373,0.13280,1.72263
0.06373,0.13280,1.72263
0.06373,0.13280,1.72263
0.06373,0.13280,1.72263
0.06373,0.13280,1.72263
0.06373,0.13280,1.72263
0.06373,0.13280,1.72263
0.06373,0.13280,1.72263
0.06373,0.13280,1.72263
0.06373,0.13280,1.72263
0.06373,0.13280,1.72263
0.06373,0.13280,1.72263
0.06373,0.13280,1.72263
0.06373,0.13280,1.72263
0.06373,0.13280,1.72263
0.06373,0.13280,1.72263
0.06373,0.13280,1.72263
0.06373,0.13280,1.72263
0.06373,0.13280,1.72263
0.06373,0.13280,1.72263
0.06373,0.13280,1.72263
0.06373,0.13280,1.72263
0.06373,0.13280,1.72263
0.06373,0.13280,1.72263
0.06373,0.13280,1.72263
0.06373,0.13280,1.72263
0.06373,0.13280,1.72263
0.06373,0.13280,1.72263
0.06373,0.13280,1.72263
0.06373,0.13280,1.72263
0.06373,0.13280,1.72263
0.06373,0.13280,1.72263
0.06373,0.13280,1.72263
0.06373,0.13280,1.72263
0.06373,0.13280,1.72263
0.06373,0.13280,1.72263
0.06373,0.13280,1.72263
0.06373,0.13280,1.72263
0.06373,0.13280,1.72263
0.06373,0.13280,1.72263
0.06373,0.13280,1.72263
0.06373,0.13280,1.72263
0.06373,0.13280,1.72263
0.06373,0.13280,1.72263
0.06373,0.13280,1.72263
0.06373,0.13280,1.72263
0.06373,0.13280,1.72263
0.06373,0.13280,1.72263
0.06373,0.13280,1.72263
0.06373,0.13280,1.72263
0.06373,0.13280,1.72263
0.06373,0.13280,1.72263
0.06373,0.13280,1.72263
0.06373,0.13280,1.72263
0.06373,0.13280,1.72263
0.06373,0.13280,1.72263
0.06373,0.13280,1.72263
0.06373,0.13280,1.72263
0.06373,0.13280,1.72263
0.06373,0.13280,1.72263
0.06373,0.13280,1.72263
0.06373,0.13280,1.72263
0.06373,0.13280,1.72263
0.06373,0.13280,1.72263
0.06373,0.13280,1.72263
0.06373,0.13280,1.72263
0.06373,0.13280,1.72263
0.06373,0.13280,1.72263
0.06373,0.13280,1.72263
0.06373,0.13280,1.72263
0.06373,0.13280,1.72263
0.06373,0.13280,1.72263
0.06373,0.13280,1.72263
0.06373,0.13280,1.72263
0.06373,0.13280,1.72263
0.06373,0.13280,1.72263
0.06373,0.13280,1.72263
0.06373,0.13280,1.72263
0.06373,0.13280,1.72263
0.06373,0.13280,1.72263
0.06373,0.13280,1.72263
0.06373,0.13280,1.72263
0.06373,0.13280,1.72263
0.06373,0.13280,1.72263
0.06373,0.13280,1.72263
0.06373,0.13280,1.72263
0.06373,0.13280,1.72263
0.06373,0.13280,1.72263
0.06373,0.13280,1.72263
0.06373,0.13280,1.72263
0.06373,0.13280,1.72263
0.06373,0.13280,1.72263
0.06373,0.13280,1.72263
0.06373,0.13280,1.72263
0.06373,0.13280,1.72263
0.06373,0.13280,1.72263
0.06373,0.13280,1.72263
0.06373,0.13280,1.72263
0.06373,0.13280,1.72263
0.06373,0.13280,1.72263
0.06373,0.13280,1.72263
0.06373,0.13280,1.72263
0.06373,0.13280,1.72263
0.06373,0.13280,1.72263
0.06373,0.13280,1.72263
0.06373,0.13280,1.72263
0.06373,0.13280,1.72263
0.06373,0.13280,1.72263
0.06373,0.13280,1.72263
0.06373,0.13280,1.72263
0.06373,0.13280,1.72263
0.06373,0.13280,1.72263
0.06373,0.13280,1.72263
0.06373,0.13280,1.72263
0.06373,0.13280,1.72263
0.06373,0.13280,1.72263
0.06373,0.13280,1.72263
0.06373,0.13280,1.72263
0.06373,0.13280,1.72263
0.06373,0.13280,1.72263
0.06373,0.13280,1.72263
0.06373,0.13280,1.72263
0.06373,0.13280,1.72263
0.06373,0.13280,1.72263
0.06373,0.13280,1.72263
0.06373,0.13280,1.72263
0.06373,0.13280,1.72263
0.06373,0.13280,1.72263
0.06373,0.13280,1.72263
0.06373,0.13280,1.72263
0.06373,0.13280,1.72263
0.06373,0.13280,1.72263
0.06373,0.13280,1.72263
0.06373,0.13280,1.72263
0.06373,0.13280,1.72263
0.06373,0.13280,1.72263
0.06373,0.13280,1.72263
0.06373,0.13280,1.72263
0.06373,0.13280,1.72263
0.06373,0.13280,1.72263
0.06373,0.13280,1.72263
0.06373,0.13280,1.72263
0.06373,0.13280,1.72263
0.06373,0.13280,1.72263
0.06373,0.13280,1.72263
0.06373,0.13280,1.72263
0.06373,0.13280,1.72263
0.06373,0.13280,1.72263
0.06373,0.13280,1.72263
0.06373,0.13280,1.72263
0.06373,0.13280,1.72263
0.06373,0.13280,1.72263
0.06373,0.13280,1.72263
0.06373,0.13280,1.72263
0.06373,0.13280,1.72263
0.06373,0.13280,1.72263
0.06373,0.13280,1.72263
0.06373,0.13280,1.72263
0.06373,0.13280,1.72263
0.06373,0.13280,1.72263
0.06373,0.13280,1.72263
0.06373,0.13280,1.72263
0.06373,0.13280,1.72263
0.06373,0.13280,1.72263
0.06373,0.13280,1.72263
0.06373,0.13280,1.72263
0.06373,0.13280,1.72263
0.06373,0.13280,1.72263
0.06373,0.13280,1.72263
0.06373,0.13280,1.72263
0.06373,0.13280,1.72263
0.06373,0.13280,1.72263
0.06373,0.13280,1.72263
0.06373,0.13280,1.72263
0.06373,0.13280,1.72263
0.06373,0.13280,1.72263
0.06373,0.13280,1.72263
0.06373,0.13280,1.72263
0.06373,0.13280,1.72263
0.06373,0.13280,1.72263
0.06373,0.13280,1.72263
0.06373,0.13280,1.72263
0.06373,0.13280,1.72263
0.06373,0.13280,1.72263
0.06373,0.13280,1.72263
0.06373,0.13280,1.72263
0.06373,0.13280,1.72263
0.06373,0.13280,1.72263
0.06373,0.13280,1.72263
0.06373,0.13280,1.72263
0.06373,0.13280,1.72263
0.06373,0.13280,1.72263
0.06373,0.13280,1.72263
0.06373,0.13280,1.72263
0.06373,0.13280,1.72263
0.06373,0.13280,1.72263
0.06373,0.13280,1.72263
0.06373,0.13280,1.72263
0.06373,0.13280,1.72263
0.06373,0.13280,1.72263
0.06373,0.13280,1.72263
0.06373,0.13280,1.72263
0.06373,0.13280,1.72263
0.06373,0.13280,1.72263
0.06373,0.13280,1.72263
0.06373,0.13280,1.72263
0.06373,0.13280,1.72263
0.06373,0.13280,1.72263
0.06373,0.13280,1.72263
0.06373,0.13280,1.72263
0.06373,0.13280,1.72263
0.06373,0.13280,1.72263
0.06373,0.13280,1.72263
0.06373,0.13280,1.72263
0.06373,0.13280,1.72263
0.06373,0.13280,1.72263
0.06373,0.13280,1.72263
0.06373,0.13280,1.72263
0.06373,0.13280,1.72263
0.06373,0.13280,1.72263
0.06373,0.13280,1.72263
0.06373,0.13280,1.72263
0.06373,0.13280,1.72263
0.06373,0.13280,1.72263
0.06373,0.13280,1.72263
0.06373,0.13280,1.72263
0.06373,0.13280,1.72263
0.06373,0.13280,1.72263
0.06373,0.13280,1.72263
0.06373,0.13280,1.72263
0.06373,0.13280,1.72263
0.06373,0.13280,1.72263
0.06373,0.13280,1.72263
0.06373,0.13280,1.72263
0.06373,0.13280,1.72263
0.06373,0.13280,1.72263
0.06373,0.13280,1.72263
0.06373,0.13280,1.72263
0.06373,0.13280,1.72263
0.06373,0.13280,1.72263
0.06373,0.13280,1.72263
0.06373,0.13280,1.72263
0.06373,0.13280,1.72263
0.06373,0.13280,1.72263
0.06373,0.13280,1.72263
0.06373,0.13280,1.72263
0.06373,0.13280,1.72263
0.06373,0.13280,1.72263
0.06373,0.13280,1.72263
0.06373,0.13280,1.72263
0.06373,0.13280,1.72263
0.06373,0.13280,1.72263
0.06373,0.13280,1.72263
0.06373,0.13280,1.72263
0.06373,0.13280,1.72263
0.06373,0.13280,1.72263
0.06373,0.13280,1.72263
0.06373,0.13280,1.72263
0.06373,0.13280,1.72263
0.06373,0.13280,1.72263
0.06373,0.13280,1.72263
0.06373,0.13280,1.72263
0.06373,0.13280,1.72263
0.06373,0.13280,1.72263
0.06373,0.13280,1.72263
0.06373,0.13280,1.72263
0.06373,0.13280,1.72263
0.06373,0.13280,1.72263
0.06373,0.13280,1.72263
0.06373,0.13280,1.72263
0.06373,0.13280,1.72263
0.06373,0.13280,1.72263
0.06373,0.13280,1.72263
0.06373,0.13280,1.72263
0.06373,0.13280,1.72263
0.06373,0.13280,1.72263
0.06373,0.13280,1.72263
0.06373,0.13280,1.72263
0.06373,0.13280,1.72263
0.06373,0.13280,1.72263
0.06373,0.13280,1.72263
0.06373,0.13280,1.72263
0.06373,0.13280,1.72263
0.06373,0.13280,1.72263
0.06373,0.13280,1.72263
0.06373,0.13280,1.72263
0.06373,0.13280,1.72263
0.06373,0.13280,1.72263
0.06373,0.13280,1.72263
0.06373,0.13280,1.72263
0.06373,0.13280,1.72263
0.06373,0.13280,1.72263
0.06373,0.13280,1.72263
0.06373,0.13280,1.72263
0.06373,0.13280,1.72263
0.06373,0.13280,1.72263
0.06373,0.13280,1.72263
0.06373,0.13280,1.72263
0.06373,0.13280,1.72263
0.06373,0.13280,1.72263
0.06373,0.13280,1.72263
0.06373,0.13280,1.72263
0.06373,0.13280,1.72263
0.06373,0.13280,1.72263
0.06373,0.13280,1.72263
0.06373,0.13280,1.72263
0.06373,0.13280,1.72263
0.06373,0.13280,1.72263
0.06373,0.13280,1.72263
0.06373,0.13280,1.72263
0.06373,0.13280,1.72263
0.06373,0.13280,1.72263
0.06373,0.13280,1.72263
0.06373,0.13280,1.72263
0.06373,0.13280,1.72263
0.06373,0.13280,1.72263
0.06373,0.13280,1.72263
0.06373,0.13280,1.72263
0.06373,0.13280,1.72263
0.06373,0.13280,1.72263
0.06373,0.13280,1.72263
0.06373,0.13280,1.72263
0.06373,0.13280,1.72263
0.06373,0.13280,1.72263
0.06373,0.13280,1.72263
0.06373,0.13280,1.72263
0.06373,0.13280,1.72263
0.06373,0.13280,1.72263
0.06373,0.13280,1.72263
0.06373,0.13280,1.72263
0.06373,0.13280,1.72263
0.06373,0.13280,1.72263
0.06373,0.13280,1.72263
0.06373,0.13280,1.72263
0.06373,0.13280,1.72263
0.06373,0.13280,1.72263
0.06373,0.13280,1.72263
0.06373,0.13280,1.72263
0.06373,0.13280,1.72263
0.06373,0.13280,1.72263
0.06373,0.13280,1.72263
0.06373,0.13280,1.72263
0.06373,0.13280,1.72263
0.06373,0.13280,1.72263
0.06373,0.13280,1.72263
0.06373,0.13280,1.72263
0.06373,0.13280,1.72263
0.06373,0.13280,1.72263
0.06373,0.13280,1.72263
0.06373,0.13280,1.72263
0.06373,0.13280,1.72263
0.06373,0.13280,1.72263
0.06373,0.13280,1.72263
0.06373,0.13280,1.72263
0.06373,0.13280,1.72263
0.06373,0.13280,1.72263
0.06373,0.13280,1.72263
0.06373,0.13280,1.72263
0.06373,0.13280,1.72263
0.06373,0.13280,1.72263
0.06373,0.13280,1.72263
0.06373,0.13280,1.72263
0.06373,0.13280,1.72263
0.06373,0.13280,1.72263
0.06373,0.13280,1.72263
0.06373,0.13280,1.72263
0.06373,0.13280,1.72263
0.06373,0.13280,1.72263
0.06373,0.13280,1.72263
0.06373,0.13280,1.72263
0.06373,0.13280,1.72263
0.06373,0.13280,1.72263
0.06373,0.13280,1.72263
0.06373,0.13280,1.72263
0.06373,0.13280,1.72263
0.06373,0.13280,1.72263
0.06373,0.13280,1.72263
0.06373,0.13280,1.72263
0.06373,0.13280,1.72263
0.06373,0.13280,1.72263
0.06373,0.13280,1.72263
0.06373,0.13280,1.72263
0.06373,0.13280,1.72263
0.06373,0.13280,1.72263
0.06373,0.13280,1.72263
0.06373,0.13280,1.72263
0.06373,0.13280,1.72263
0.06373,0.13280,1.72263
0.06373,0.13280,1.72263
0.06373,0.13280,1.72263
0.06373,0.13280,1.72263
0.06373,0.13280,1.72263
0.06373,0.13280,1.72263
0.06373,0.13280,1.72263
0.06373,0.13280,1.72263
0.06373,0.13280,1.72263
0.06373,0.13280,1.72263
0.06373,0.13280,1.72263
0.06373,0.13280,1.72263
0.06373,0.13280,1.72263
0.06373,0.13280,1.72263
0.06373,0.13280,1.72263
0.06373,0.13280,1.72263
0.06373,0.13280,1.72263
0.06373,0.13280,1.72263
0.06373,0.13280,1.72263
0.06373,0.13280,1.72263
0.06373,0.13280,1.72263
0.06373,0.13280,1.72263
0.06373,0.13280,1.72263
0.06373,0.13280,1.72263
0.06373,0.13280,1.72263
0.06373,0.13280,1.72263
0.06373,0.13280,1.72263
0.06373,0.13280,1.72263
0.06373,0.13280,1.72263
0.06373,0.13280,1.72263
0.06373,0.13280,1.72263
0.06373,0.13280,1.72263
0.06373,0.13280,1.72263
0.06373,0.13280,1.72263
0.06373,0.13280,1.72263
0.06373,0.13280,1.72263
0.06373,0.13280,1.72263
0.06373,0.13280,1.72263
0.06373,0.13280,1.72263
0.06373,0.13280,1.72263
0.06373,0.13280,1.72263
0.06373,0.13280,1.72263
0.06373,0.13280,1.72263
0.06373,0.13280,1.72263
0.06373,0.13280,1.72263
0.06373,0.13280,1.72263
0.06373,0.13280,1.72263
0.06373,0.13280,1.72263
0.06373,0.13280,1.72263
0.06373,0.13280,1.72263
0.06373,0.13280,1.72263
0.06373,0.13280,1.72263
0.06373,0.13280,1.72263
0.06373,0.13280,1.72263
0.06373,0.13280,1.72263
0.06373,0.13280,1.72263
0.06373,0.13280,1.72263
0.06373,0.13280,1.72263
0.06373,0.13280,1.72263
0.06373,0.13280,1.72263
0.06373,0.13280,1.72263
0.06373,0.13280,1.72263
0.06373,0.13280,1.72263
0.06373,0.13280,1.72263
0.06373,0.13280,1.72263
0.06373,0.13280,1.72263
0.06373,0.13280,1.72263
0.06373,0.13280,1.72263
0.06373,0.13280,1.72263
0.06373,0.13280,1.72263
0.06373,0.13280,1.72263
0.06373,0.13280,1.72263
0.06373,0.13280,1.72263
0.06373,0.13280,1.72263
0.06373,0.13280,1.72263
0.06373,0.13280,1.72263
0.06373,0.13280,1.72263
0.06373,0.13280,1.72263
0.06373,0.13280,1.72263
0.06373,0.13280,1.72263
0.06373,0.13280,1.72263
0.06373,0.13280,1.72263
0.06373,0.13280,1.72263
0.06373,0.13280,1.72263
0.06373,0.13280,1.72263
0.06373,0.13280,1.72263
0.06373,0.13280,1.72263
0.06373,0.13280,1.72263
0.06373,0.13280,1.72263
0.06373,0.13280,1.72263
0.06373,0.13280,1.72263
0.06373,0.13280,1.72263
0.06373,0.13280,1.72263
0.06373,0.13280,1.72263
0.06373,0.13280,1.72263
0.06373,0.13280,1.72263
0.06373,0.13280,1.72263
0.06373,0.13280,1.72263
0.06373,0.13280,1.72263
0.06373,0.13280,1.72263
0.06373,0.13280,1.72263
0.06373,0.13280,1.72263
0.06373,0.13280,1.72263
0.06373,0.13280,1.72263
0.06373,0.13280,1.72263
0.06373,0.13280,1.72263
0.06373,0.13280,1.72263
0.06373,0.13280,1.72263
0.06373,0.13280,1.72263
0.06373,0.13280,1.72263
0.06373,0.13280,1.72263
0.06373,0.13280,1.72263
0.06373,0.13280,1.72263
0.06373,0.13280,1.72263
0.06373,0.13280,1.72263
0.06373,0.13280,1.72263
0.06373,0.13280,1.72263
0.06373,0.13280,1.72263
0.06373,0.13280,1.72263
0.06373,0.13280,1.72263
0.06373,0.13280,1.72263
0.06373,0.13280,1.72263
0.06373,0.13280,1.72263
0.06373,0.13280,1.72263
0.06373,0.13280,1.72263
0.06373,0.13280,1.72263
0.06373,0.13280,1.72263
0.06373,0.13280,1.72263
0.06373,0.13280,1.72263
0.06373,0.13280,1.72263
0.06373,0.13280,1.72263
0.06373,0.13280,1.72263
0.06373,0.13280,1.72263
0.06373,0.13280,1.72263
0.06373,0.13280,1.72263
0.06373,0.13280,1.72263
0.06373,0.13280,1.72263
0.06373,0.13280,1.72263
0.06373,0.13280,1.72263
0.06373,0.13280,1.72263
0.06373,0.13280,1.72263
0.06373,0.13280,1.72263
0.06373,0.13280,1.72263
0.06373,0.13280,1.72263
0.06373,0.13280,1.72263
0.06373,0.13280,1.72263
0.06373,0.13280,1.72263
0.06373,0.13280,1.72263
0.06373,0.13280,1.72263
0.06373,0.13280,1.72263
0.06373,0.13280,1.72263
0.06373,0.13280,1.72263
0.06373,0.13280,1.72263
0.06373,0.13280,1.72263
0.06373,0.13280,1.72263
0.06373,0.13280,1.72263
0.06373,0.13280,1.72263
0.06373,0.13280,1.72263
0.06373,0.13280,1.72263
0.06373,0.13280,1.72263
0.06373,0.13280,1.72263
0.06373,0.13280,1.72263
0.06373,0.13280,1.72263
0.06373,0.13280,1.72263
0.06373,0.13280,1.72263
0.06373,0.13280,1.72263
0.06373,0.13280,1.72263
0.06373,0.13280,1.72263
0.06373,0.13280,1.72263
0.06373,0.13280,1.72263
0.06373,0.13280,1.72263
0.06373,0.13280,1.72263
0.06373,0.13280,1.72263
0.06373,0.13280,1.72263
0.06373,0.13280,1.72263
0.06373,0.13280,1.72263
0.06373,0.13280,1.72263
0.06373,0.13280,1.72263
0.06373,0.13280,1.72263
0.06373,0.13280,1.72263
0.06373,0.13280,1.72263
0.06373,0.13280,1.72263
0.06373,0.13280,1.72263
0.06373,0.13280,1.72263
0.06373,0.13280,1.72263
0.06373,0.13280,1.72263
0.06373,0.13280,1.72263
0.06373,0.13280,1.72263
0.06373,0.13280,1.72263
0.06373,0.13280,1.72263
0.06373,0.13280,1.72263
0.06373,0.13280,1.72263
0.06373,0.13280,1.72263
0.06373,0.13280,1.72263
0.06373,0.13280,1.72263
0.06373,0.13280,1.72263
0.06373,0.13280,1.72263
0.06373,0.13280,1.72263
0.06373,0.13280,1.72263
0.06373,0.13280,1.72263
0.06373,0.13280,1.72263
0.06373,0.13280,1.72263
0.06373,0.13280,1.72263
0.06373,0.13280,1.72263
0.06373,0.13280,1.72263
0.06373,0.13280,1.72263
0.06373,0.13280,1.72263
0.06373,0.13280,1.72263
0.06373,0.13280,1.72263
0.06373,0.13280,1.72263
0.06373,0.13280,1.72263
0.06373,0.13280,1.72263
0.06373,0.13280,1.72263
0.06373,0.13280,1.72263
0.06373,0.13280,1.72263
0.06373,0.13280,1.72263
0.06373,0.13280,1.72263
0.06373,0.13280,1.72263
0.06373,0.13280,1.72263
0.06373,0.13280,1.72263
0.06373,0.13280,1.72263
0.06373,0.13280,1.72263
0.06373,0.13280,1.72263
0.06373,0.13280,1.72263
0.06373,0.13280,1.72263
0.06373,0.13280,1.72263
0.06373,0.13280,1.72263
0.06373,0.13280,1.72263
0.06373,0.13280,1.72263
0.06373,0.13280,1.72263
0.06373,0.13280,1.72263
0.06373,0.13280,1.72263
0.06373,0.13280,1.72263
0.06373,0.13280,1.72263
0.06373,0.13280,1.72263
0.06373,0.13280,1.72263
0.06373,0.13280,1.72263
0.06373,0.13280,1.72263
0.06373,0.13280,1.72263
0.06373,0.13280,1.72263
0.06373,0.13280,1.72263
0.06373,0.13280,1.72263
0.06373,0.13280,1.72263
0.06373,0.13280,1.72263
0.06373,0.13280,1.72263
0.06373,0.13280,1.72263
0.06373,0.13280,1.72263
0.06373,0.13280,1.72263
0.06373,0.13280,1.72263
0.06373,0.13280,1.72263
0.06373,0.13280,1.72263
0.06373,0.13280,1.72263
0.06373,0.13280,1.72263
0.06373,0.13280,1.72263
0.06373,0.13280,1.72263
0.06373,0.13280,1.72263
0.06373,0.13280,1.72263
0.06373,0.13280,1.72263
0.06373,0.13280,1.72263
0.06373,0.13280,1.72263
0.06373,0.13280,1.72263
0.06373,0.13280,1.72263
0.06373,0.13280,1.72263
0.06373,0.13280,1.72263
0.06373,0.13280,1.72263
0.06373,0.13280,1.72263
0.06373,0.13280,1.72263
0.06373,0.13280,1.72263
0.06373,0.13280,1.72263
0.06373,0.13280,1.72263
0.06373,0.13280,1.72263
0.06373,0.13280,1.72263
0.06373,0.13280,1.72263
0.06373,0.13280,1.72263
0.06373,0.13280,1.72263
0.06373,0.13280,1.72263
0.06373,0.13280,1.72263
0.06373,0.13280,1.72263
0.06373,0.13280,1.72263
0.06373,0.13280,1.72263
0.06373,0.13280,1.72263
0.06373,0.13280,1.72263
0.06373,0.13280,1.72263
0.06373,0.13280,1.72263
0.06373,0.13280,1.72263
0.06373,0.13280,1.72263
0.06373,0.13280,1.72263
0.06373,0.13280,1.72263
0.06373,0.13280,1.72263
0.06373,0.13280,1.72263
0.06373,0.13280,1.72263
0.06373,0.13280,1.72263
0.06373,0.13280,1.72263
0.06373,0.13280,1.72263
0.06373,0.13280,1.72263
0.06373,0.13280,1.72263
0.06373,0.13280,1.72263
0.06373,0.13280,1.72263
0.06373,0.13280,1.72263
0.06373,0.13280,1.72263
0.06373,0.13280,1.72263
0.06373,0.13280,1.72263
0.06373,0.13280,1.72263
0.06373,0.13280,1.72263
0.06373,0.13280,1.72263
0.06373,0.13280,1.72263
0.06373,0.13280,1.72263
0.06373,0.13280,1.72263
0.06373,0.13280,1.72263
0.06373,0.13280,1.72263
0.06373,0.13280,1.72263
0.06373,0.13280,1.72263
0.06373,0.13280,1.72263
0.06373,0.13280,1.72263
0.06373,0.13280,1.72263
0.06373,0.13280,1.72263
0.06373,0.13280,1.72263
0.06373,0.13280,1.72263
0.06373,0.13280,1.72263
0.06373,0.13280,1.72263
0.06373,0.13280,1.72263
0.06373,0.13280,1.72263
0.06373,0.13280,1.72263
0.06373,0.13280,1.72263
0.06373,0.13280,1.72263
0.06373,0.13280,1.72263
0.06373,0.13280,1.72263
0.06373,0.13280,1.72263
0.06373,0.13280,1.72263
0.06373,0.13280,1.72263
0.06373,0.13280,1.72263
0.06373,0.13280,1.72263
0.06373,0.13280,1.72263
0.06373,0.13280,1.72263
0.06373,0.13280,1.72263
0.06373,0.13280,1.72263
0.06373,0.13280,1.72263
0.06373,0.13280,1.72263
0.06373,0.13280,1.72263
0.06373,0.13280,1.72263
0.06373,0.13280,1.72263
0.06373,0.13280,1.72263
0.06373,0.13280,1.72263
0.06373,0.13280,1.72263
0.06373,0.13280,1.72263
0.06373,0.13280,1.72263
0.06373,0.13280,1.72263
0.06373,0.13280,1.72263
0.06373,0.13280,1.72263
0.06373,0.13280,1.72263
0.06373,0.13280,1.72263
0.06373,0.13280,1.72263
0.06373,0.13280,1.72263
0.06373,0.13280,1.72263
0.06373,0.13280,1.72263
0.06373,0.13280,1.72263
0.06373,0.13280,1.72263
0.06373,0.13280,1.72263
0.06373,0.13280,1.72263
0.06373,0.13280,1.72263
0.06373,0.13280,1.72263
0.06373,0.13280,1.72263
0.06373,0.13280,1.72263
0.06373,0.13280,1.72263
0.06373,0.13280,1.72263
0.06373,0.13280,1.72263
0.06373,0.13280,1.72263
0.06373,0.13280,1.72263
0.06373,0.13280,1.72263
0.06373,0.13280,1.72263
0.06373,0.13280,1.72263
0.06373,0.13280,1.72263
0.06373,0.13280,1.72263
0.06373,0.13280,1.72263
0.06373,0.13280,1.72263
0.06373,0.13280,1.72263
0.06373,0.13280,1.72263
0.06373,0.13280,1.72263
0.06373,0.13280,1.72263
0.06373,0.13280,1.72263
0.06373,0.13280,1.72263
0.06373,0.13280,1.72263
0.06373,0.13280,1.72263
0.06373,0.13280,1.72263
0.06373,0.13280,1.72263
0.06373,0.13280,1.72263
0.06373,0.13280,1.72263
0.06373,0.13280,1.72263
0.06373,0.13280,1.72263
0.06373,0.13280,1.72263
0.06373,0.13280,1.72263
0.06373,0.13280,1.72263
0.06373,0.13280,1.72263
0.06373,0.13280,1.72263
0.06373,0.13280,1.72263
0.06373,0.13280,1.72263
0.06373,0.13280,1.72263
0.06373,0.13280,1.72263
0.06373,0.13280,1.72263
0.06373,0.13280,1.72263
0.06373,0.13280,1.72263
0.06373,0.13280,1.72263
0.06373,0.13280,1.72263
0.06373,0.13280,1.72263
0.06373,0.13280,1.72263
0.06373,0.13280,1.72263
0.06373,0.13280,1.72263
0.06373,0.13280,1.72263
0.06373,0.13280,1.72263
0.06373,0.13280,1.72263
0.06373,0.13280,1.72263
0.06373,0.13280,1.72263
0.06373,0.13280,1.72263
0.06373,0.13280,1.72263
0.06373,0.13280,1.72263
0.06373,0.13280,1.72263
0.06373,0.13280,1.72263
0.06373,0.13280,1.72263
0.06373,0.13280,1.72263
0.06373,0.13280,1.72263
0.06373,0.13280,1.72263
0.06373,0.13280,1.72263
0.06373,0.13280,1.72263
0.06373,0.13280,1.72263
0.06373,0.13280,1.72263
0.06373,0.13280,1.72263
0.06373,0.13280,1.72263
0.06373,0.13280,1.72263
0.06373,0.13280,1.72263
0.06373,0.13280,1.72263
0.06373,0.13280,1.72263
0.06373,0.13280,1.72263
0.06373,0.13280,1.72263
0.06373,0.13280,1.72263
0.06373,0.13280,1.72263
0.06373,0.13280,1.72263
0.06373,0.13280,1.72263
0.06373,0.13280,1.72263
0.06373,0.13280,1.72263
0.06373,0.13280,1.72263
0.06373,0.13280,1.72263
0.06373,0.13280,1.72263
0.06373,0.13280,1.72263
0.06373,0.13280,1.72263
0.06373,0.13280,1.72263
0.06373,0.13280,1.72263
0.06373,0.13280,1.72263
0.06373,0.13280,1.72263
0.06373,0.13280,1.72263
0.06373,0.13280,1.72263
0.06373,0.13280,1.72263
0.06373,0.13280,1.72263
0.06373,0.13280,1.72263
0.06373,0.13280,1.72263
0.06373,0.13280,1.72263
0.06373,0.13280,1.72263
0.06373,0.13280,1.72263
0.06373,0.13280,1.72263
0.06373,0.13280,1.72263
0.06373,0.13280,1.72263
0.06373,0.13280,1.72263
0.06373,0.13280,1.72263
0.06373,0.13280,1.72263
0.06373,0.13280,1.72263
0.06373,0.13280,1.72263
0.06373,0.13280,1.72263
0.06373,0.13280,1.72263
0.06373,0.13280,1.72263
0.06373,0.13280,1.72263
0.06373,0.13280,1.72263
0.06373,0.13280,1.72263
0.06373,0.13280,1.72263
0.06373,0.13280,1.72263
0.06373,0.13280,1.72263
0.06373,0.13280,1.72263
0.06373,0.13280,1.72263
0.06373,0.13280,1.72263
0.06373,0.13280,1.72263
0.06373,0.13280,1.72263
0.06373,0.13280,1.72263
0.06373,0.13280,1.72263
0.06373,0.13280,1.72263
0.06373,0.13280,1.72263
0.06373,0.13280,1.72263
0.06373,0.13280,1.72263
0.06373,0.13280,1.72263
0.06373,0.13280,1.72263
0.06373,0.13280,1.72263
0.06373,0.13280,1.72263
0.06373,0.13280,1.72263
0.06373,0.13280,1.72263
0.06373,0.13280,1.72263
0.06373,0.13280,1.72263
0.06373,0.13280,1.72263
0.06373,0.13280,1.72263
0.06373,0.13280,1.72263
0.06373,0.13280,1.72263
0.06373,0.13280,1.72263
0.06373,0.13280,1.72263
0.06373,0.13280,1.72263
0.06373,0.13280,1.72263
0.06373,0.13280,1.72263
0.06373,0.13280,1.72263
0.06373,0.13280,1.72263
0.06373,0.13280,1.72263
0.06373,0.13280,1.72263
0.06373,0.13280,1.72263
0.06373,0.13280,1.72263
0.06373,0.13280,1.72263
0.06373,0.13280,1.72263
0.06373,0.13280,1.72263
0.06373,0.13280,1.72263
0.06373,0.13280,1.72263
0.06373,0.13280,1.72263
0.06373,0.13280,1.72263
0.06373,0.13280,1.72263
0.06373,0.13280,1.72263
0.06373,0.13280,1.72263
0.06373,0.13280,1.72263
0.06373,0.13280,1.72263
0.06373,0.13280,1.72263
0.06373,0.13280,1.72263
0.06373,0.13280,1.72263
0.06373,0.13280,1.72263
0.06373,0.13280,1.72263
0.06373,0.13280,1.72263
0.06373,0.13280,1.72263
0.06373,0.13280,1.72263
0.06373,0.13280,1.72263
0.06373,0.13280,1.72263
0.06373,0.13280,1.72263
0.06373,0.13280,1.72263
0.06373,0.13280,1.72263
0.06373,0.13280,1.72263
0.06373,0.13280,1.72263
0.06373,0.13280,1.72263
0.06373,0.13280,1.72263
0.06373,0.13280,1.72263
0.06373,0.13280,1.72263
0.06373,0.13280,1.72263
0.06373,0.13280,1.72263
0.06373,0.13280,1.72263
0.06373,0.13280,1.72263
0.06373,0.13280,1.72263
0.06373,0.13280,1.72263
0.06373,0.13280,1.72263
0.06373,0.13280,1.72263
0.06373,0.13280,1.72263
0.06373,0.13280,1.72263
0.06373,0.13280,1.72263
0.06373,0.13280,1.72263
0.06373,0.13280,1.72263
0.06373,0.13280,1.72263
0.06373,0.13280,1.72263
0.06373,0.13280,1.72263
0.06373,0.13280,1.72263
0.06373,0.13280,1.72263
0.06373,0.13280,1.72263
0.06373,0.13280,1.72263
0.06373,0.13280,1.72263
0.06373,0.13280,1.72263
0.06373,0.13280,1.72263
0.06373,0.13280,1.72263
0.06373,0.13280,1.72263
0.06373,0.13280,1.72263
0.06373,0.13280,1.72263
0.06373,0.13280,1.72263
0.06373,0.13280,1.72263
0.06373,0.13280,1.72263
0.06373,0.13280,1.72263
0.06373,0.13280,1.72263
0.06373,0.13280,1.72263
0.06373,0.13280,1.72263
0.06373,0.13280,1.72263
0.06373,0.13280,1.72263
0.06373,0.13280,1.72263
0.06373,0.13280,1.72263
0.06373,0.13280,1.72263
0.06373,0.13280,1.72263
0.06373,0.13280,1.72263
0.06373,0.13280,1.72263
0.06373,0.13280,1.72263
0.06373,0.13280,1.72263
0.06373,0.13280,1.72263
0.06373,0.13280,1.72263
0.06373,0.13280,1.72263
0.06373,0.13280,1.72263
0.06373,0.13280,1.72263
0.06373,0.13280,1.72263
0.06373,0.13280,1.72263
0.06373,0.13280,1.72263
0.06373,0.13280,1.72263
0.06373,0.13280,1.72263
0.06373,0.13280,1.72263
0.06373,0.13280,1.72263
0.06373,0.13280,1.72263
0.06373,0.13280,1.72263
0.06373,0.13280,1.72263
0.06373,0.13280,1.72263
0.06373,0.13280,1.72263
0.06373,0.13280,1.72263
0.06373,0.13280,1.72263
0.06373,0.13280,1.72263
0.06373,0.13280,1.72263
0.06373,0.13280,1.72263
0.06373,0.13280,1.72263
0.06373,0.13280,1.72263
0.06373,0.13280,1.72263
0.06373,0.13280,1.72263
0.06373,0.13280,1.72263
0.06373,0.13280,1.72263
0.06373,0.13280,1.72263
0.06373,0.13280,1.72263
0.06373,0.13280,1.72263
0.06373,0.13280,1.72263
0.06373,0.13280,1.72263
0.06373,0.13280,1.72263
0.06373,0.13280,1.72263
0.06373,0.13280,1.72263
0.06373,0.13280,1.72263
0.06373,0.13280,1.72263
0.06373,0.13280,1.72263
0.06373,0.13280,1.72263
0.06373,0.13280,1.72263
0.06373,0.13280,1.72263
0.06373,0.13280,1.72263
0.06373,0.13280,1.72263
0.06373,0.13280,1.72263
0.06373,0.13280,1.72263
0.06373,0.13280,1.72263
0.06373,0.13280,1.72263
0.06373,0.13280,1.72263
0.06373,0.13280,1.72263
0.06373,0.13280,1.72263
0.06373,0.13280,1.72263
0.06373,0.13280,1.72263
0.06373,0.13280,1.72263
0.06373,0.13280,1.72263
0.06373,0.13280,1.72263
0.06373,0.13280,1.72263
0.06373,0.13280,1.72263
0.06373,0.13280,1.72263
0.06373,0.13280,1.72263
0.06373,0.13280,1.72263
0.06373,0.13280,1.72263
0.06373,0.13280,1.72263
0.06373,0.13280,1.72263
0.06373,0.13280,1.72263
0.06373,0.13280,1.72263
0.06373,0.13280,1.72263
0.06373,0.13280,1.72263
0.06373,0.13280,1.72263
0.06373,0.13280,1.72263
0.06373,0.13280,1.72263
0.06373,0.13280,1.72263
0.06373,0.13280,1.72263
0.06373,0.13280,1.72263
0.06373,0.13280,1.72263
0.06373,0.13280,1.72263
0.06373,0.13280,1.72263
0.06373,0.13280,1.72263
0.06373,0.13280,1.72263
0.06373,0.13280,1.72263
0.06373,0.13280,1.72263
0.06373,0.13280,1.72263
0.06373,0.13280,1.72263
0.06373,0.13280,1.72263
0.06373,0.13280,1.72263
0.06373,0.13280,1.72263
0.06373,0.13280,1.72263
0.06373,0.13280,1.72263
0.06373,0.13280,1.72263
0.06373,0.13280,1.72263
0.06373,0.13280,1.72263
0.06373,0.13280,1.72263
0.06373,0.13280,1.72263
0.06373,0.13280,1.72263
0.06373,0.13280,1.72263
0.06373,0.13280,1.72263
0.06373,0.13280,1.72263
0.06373,0.13280,1.72263
0.06373,0.13280,1.72263
0.06373,0.13280,1.72263
0.06373,0.13280,1.72263
0.06373,0.13280,1.72263
0.06373,0.13280,1.72263
0.06373,0.13280,1.72263
0.06373,0.13280,1.72263
0.06373,0.13280,1.72263
0.06373,0.13280,1.72263
0.06373,0.13280,1.72263
0.06373,0.13280,1.72263
0.06373,0.13280,1.72263
0.06373,0.13280,1.72263
0.06373,0.13280,1.72263
0.06373,0.13280,1.72263
0.06373,0.13280,1.72263
0.06373,0.13280,1.72263
0.06373,0.13280,1.72263
0.06373,0.13280,1.72263
0.06373,0.13280,1.72263
0.06373,0.13280,1.72263
0.06373,0.13280,1.72263
0.06373,0.13280,1.72263
0.06373,0.13280,1.72263
0.06373,0.13280,1.72263
0.06373,0.13280,1.72263
0.06373,0.13280,1.72263
0.06373,0.13280,1.72263
0.06373,0.13280,1.72263
0.06373,0.13280,1.72263
0.06373,0.13280,1.72263
0.06373,0.13280,1.72263
0.06373,0.13280,1.72263
0.06373,0.13280,1.72263
0.06373,0.13280,1.72263
0.04233,0.15129,1.73679
0.04233,0.15129,1.73679
0.04233,0.15129,1.73679
0.04233,0.15129,1.73679
0.04233,0.15129,1.73679
0.04233,0.15129,1.73679
0.04233,0.15129,1.73679
0.04233,0.15129,1.73679
0.04233,0.15129,1.73679
0.04233,0.15129,1.73679
0.04233,0.15129,1.73679
0.04233,0.15129,1.73679
0.04233,0.15129,1.73679
0.04233,0.15129,1.73679
0.04233,0.15129,1.73679
0.04233,0.15129,1.73679
0.04233,0.15129,1.73679
0.04233,0.15129,1.73679
0.04233,0.15129,1.73679
0.04233,0.15129,1.73679
0.04233,0.15129,1.73679
0.04233,0.15129,1.73679
0.04233,0.15129,1.73679
0.04233,0.15129,1.73679
0.04233,0.15129,1.73679
0.04233,0.15129,1.73679
0.04233,0.15129,1.73679
0.04233,0.15129,1.73679
0.04233,0.15129,1.73679
0.04233,0.15129,1.73679
0.04233,0.15129,1.73679
0.04233,0.15129,1.73679
0.04233,0.15129,1.73679
0.04233,0.15129,1.73679
0.04233,0.15129,1.73679
0.04233,0.15129,1.73679
0.04233,0.15129,1.73679
0.04233,0.15129,1.73679
0.04233,0.15129,1.73679
0.04233,0.15129,1.73679
0.04233,0.15129,1.73679
0.04233,0.15129,1.73679
0.04233,0.15129,1.73679
0.04233,0.15129,1.73679
0.04233,0.15129,1.73679
0.04233,0.15129,1.73679
0.04233,0.15129,1.73679
0.04233,0.15129,1.73679
0.04233,0.15129,1.73679
0.04233,0.15129,1.73679
0.04233,0.15129,1.73679
0.04233,0.15129,1.73679
0.04233,0.15129,1.73679
0.04233,0.15129,1.73679
0.04233,0.15129,1.73679
0.04233,0.15129,1.73679
0.04233,0.15129,1.73679
0.04233,0.15129,1.73679
0.04233,0.15129,1.73679
0.04233,0.15129,1.73679
0.04233,0.15129,1.73679
0.04233,0.15129,1.73679
0.04233,0.15129,1.73679
0.04233,0.15129,1.73679
0.04233,0.15129,1.73679
0.04233,0.15129,1.73679
0.04233,0.15129,1.73679
0.04233,0.15129,1.73679
0.04233,0.15129,1.73679
0.04233,0.15129,1.73679
0.04233,0.15129,1.73679
0.04233,0.15129,1.73679
0.04233,0.15129,1.73679
0.04233,0.15129,1.73679
0.04233,0.15129,1.73679
0.04233,0.15129,1.73679
0.04233,0.15129,1.73679
0.04233,0.15129,1.73679
0.04233,0.15129,1.73679
0.04233,0.15129,1.73679
0.04233,0.15129,1.73679
0.04233,0.15129,1.73679
0.04233,0.15129,1.73679
0.04233,0.15129,1.73679
0.04233,0.15129,1.73679
0.04233,0.15129,1.73679
0.04233,0.15129,1.73679
0.04233,0.15129,1.73679
0.04233,0.15129,1.73679
0.04233,0.15129,1.73679
0.04233,0.15129,1.73679
0.04233,0.15129,1.73679
0.04233,0.15129,1.73679
0.04233,0.15129,1.73679
0.04233,0.15129,1.73679
0.04233,0.15129,1.73679
0.04233,0.15129,1.73679
0.04233,0.15129,1.73679
0.04233,0.15129,1.73679
0.04233,0.15129,1.73679
0.04233,0.15129,1.73679
0.04233,0.15129,1.73679
0.04233,0.15129,1.73679
0.04233,0.15129,1.73679
0.04233,0.15129,1.73679
0.04233,0.15129,1.73679
0.04233,0.15129,1.73679
0.04233,0.15129,1.73679
0.04233,0.15129,1.73679
0.04233,0.15129,1.73679
0.04233,0.15129,1.73679
0.04233,0.15129,1.73679
0.04233,0.15129,1.73679
0.04233,0.15129,1.73679
0.04233,0.15129,1.73679
0.04233,0.15129,1.73679
0.04233,0.15129,1.73679
0.04233,0.15129,1.73679
0.04233,0.15129,1.73679
0.04233,0.15129,1.73679
0.04233,0.15129,1.73679
0.04233,0.15129,1.73679
0.04233,0.15129,1.73679
0.04233,0.15129,1.73679
0.04233,0.15129,1.73679
0.04233,0.15129,1.73679
0.04233,0.15129,1.73679
0.04233,0.15129,1.73679
0.04233,0.15129,1.73679
0.04233,0.15129,1.73679
0.04233,0.15129,1.73679
0.04233,0.15129,1.73679
0.04233,0.15129,1.73679
0.04233,0.15129,1.73679
0.04233,0.15129,1.73679
0.04233,0.15129,1.73679
0.04233,0.15129,1.73679
0.04233,0.15129,1.73679
0.04233,0.15129,1.73679
0.04233,0.15129,1.73679
0.04233,0.15129,1.73679
0.04233,0.15129,1.73679
0.04233,0.15129,1.73679
0.04233,0.15129,1.73679
0.04233,0.15129,1.73679
0.04233,0.15129,1.73679
0.04233,0.15129,1.73679
0.04233,0.15129,1.73679
0.04233,0.15129,1.73679
0.04233,0.15129,1.73679
0.04233,0.15129,1.73679
0.04233,0.15129,1.73679
0.04233,0.15129,1.73679
0.04233,0.15129,1.73679
0.04233,0.15129,1.73679
0.04233,0.15129,1.73679
0.04233,0.15129,1.73679
0.04233,0.15129,1.73679
0.04233,0.15129,1.73679
0.04233,0.15129,1.73679
0.04233,0.15129,1.73679
0.04233,0.15129,1.73679
0.04233,0.15129,1.73679
0.04233,0.15129,1.73679
0.04233,0.15129,1.73679
0.04233,0.15129,1.73679
0.04233,0.15129,1.73679
0.04233,0.15129,1.73679
0.04233,0.15129,1.73679
0.04233,0.15129,1.73679
0.04233,0.15129,1.73679
0.04233,0.15129,1.73679
0.04233,0.15129,1.73679
0.04233,0.15129,1.73679
0.04233,0.15129,1.73679
0.04233,0.15129,1.73679
0.04233,0.15129,1.73679
0.04233,0.15129,1.73679
0.04233,0.15129,1.73679
0.04233,0.15129,1.73679
0.04233,0.15129,1.73679
0.04233,0.15129,1.73679
0.04233,0.15129,1.73679
0.04233,0.15129,1.73679
0.04233,0.15129,1.73679
0.04233,0.15129,1.73679
0.04233,0.15129,1.73679
0.04233,0.15129,1.73679
0.04233,0.15129,1.73679
0.04233,0.15129,1.73679
0.04233,0.15129,1.73679
0.04233,0.15129,1.73679
0.04233,0.15129,1.73679
0.04233,0.15129,1.73679
0.04233,0.15129,1.73679
0.04233,0.15129,1.73679
0.04233,0.15129,1.73679
0.04233,0.15129,1.73679
0.04233,0.15129,1.73679
0.04233,0.15129,1.73679
0.04233,0.15129,1.73679
0.04233,0.15129,1.73679
0.04233,0.15129,1.73679
0.04233,0.15129,1.73679
0.04233,0.15129,1.73679
0.04233,0.15129,1.73679
0.04233,0.15129,1.73679
0.04233,0.15129,1.73679
0.04233,0.15129,1.73679
0.04233,0.15129,1.73679
0.04233,0.15129,1.73679
0.04233,0.15129,1.73679
0.04233,0.15129,1.73679
0.04233,0.15129,1.73679
0.04233,0.15129,1.73679
0.04233,0.15129,1.73679
0.04233,0.15129,1.73679
0.04233,0.15129,1.73679
0.04233,0.15129,1.73679
0.04233,0.15129,1.73679
0.04233,0.15129,1.73679
0.04233,0.15129,1.73679
0.04233,0.15129,1.73679
0.04233,0.15129,1.73679
0.04233,0.15129,1.73679
0.04233,0.15129,1.73679
0.04233,0.15129,1.73679
0.04233,0.15129,1.73679
0.04233,0.15129,1.73679
0.04233,0.15129,1.73679
0.04233,0.15129,1.73679
0.04233,0.15129,1.73679
0.04233,0.15129,1.73679
0.04233,0.15129,1.73679
0.04233,0.15129,1.73679
0.04233,0.15129,1.73679
0.04233,0.15129,1.73679
0.04233,0.15129,1.73679
0.04233,0.15129,1.73679
0.04233,0.15129,1.73679
0.04233,0.15129,1.73679
0.04233,0.15129,1.73679
0.04233,0.15129,1.73679
0.04233,0.15129,1.73679
0.04233,0.15129,1.73679
0.04233,0.15129,1.73679
0.04233,0.15129,1.73679
0.04233,0.15129,1.73679
0.04233,0.15129,1.73679
0.04233,0.15129,1.73679
0.04233,0.15129,1.73679
0.04233,0.15129,1.73679
0.04233,0.15129,1.73679
0.04233,0.15129,1.73679
0.04233,0.15129,1.73679
0.04233,0.15129,1.73679
0.04233,0.15129,1.73679
0.04233,0.15129,1.73679
0.04233,0.15129,1.73679
0.04233,0.15129,1.73679
0.04233,0.15129,1.73679
0.04233,0.15129,1.73679
0.04233,0.15129,1.73679
0.04233,0.15129,1.73679
0.04233,0.15129,1.73679
0.04233,0.15129,1.73679
0.04233,0.15129,1.73679
0.04233,0.15129,1.73679
0.04233,0.15129,1.73679
0.04233,0.15129,1.73679
0.04233,0.15129,1.73679
0.04233,0.15129,1.73679
0.04233,0.15129,1.73679
0.04233,0.15129,1.73679
0.04233,0.15129,1.73679
0.04233,0.15129,1.73679
0.04233,0.15129,1.73679
0.04233,0.15129,1.73679
0.04233,0.15129,1.73679
0.04233,0.15129,1.73679
0.04233,0.15129,1.73679
0.04233,0.15129,1.73679
0.04233,0.15129,1.73679
0.04233,0.15129,1.73679
0.04233,0.15129,1.73679
0.04233,0.15129,1.73679
0.04233,0.15129,1.73679
0.04233,0.15129,1.73679
0.04233,0.15129,1.73679
0.04233,0.15129,1.73679
0.04233,0.15129,1.73679
0.04233,0.15129,1.73679
0.04233,0.15129,1.73679
0.04233,0.15129,1.73679
0.04233,0.15129,1.73679
0.04233,0.15129,1.73679
0.04233,0.15129,1.73679
0.04233,0.15129,1.73679
0.04233,0.15129,1.73679
0.04233,0.15129,1.73679
0.04233,0.15129,1.73679
0.04233,0.15129,1.73679
0.04233,0.15129,1.73679
0.04233,0.15129,1.73679
0.04233,0.15129,1.73679
0.04233,0.15129,1.73679
0.04233,0.15129,1.73679
0.04233,0.15129,1.73679
0.04233,0.15129,1.73679
0.04233,0.15129,1.73679
0.04233,0.15129,1.73679
0.04233,0.15129,1.73679
0.04233,0.15129,1.73679
0.04233,0.15129,1.73679
0.04233,0.15129,1.73679
0.04233,0.15129,1.73679
0.04233,0.15129,1.73679
0.04233,0.15129,1.73679
0.04233,0.15129,1.73679
0.04233,0.15129,1.73679
0.04233,0.15129,1.73679
0.04233,0.15129,1.73679
0.04233,0.15129,1.73679
0.04233,0.15129,1.73679
0.04233,0.15129,1.73679
0.04233,0.15129,1.73679
0.04233,0.15129,1.73679
0.04233,0.15129,1.73679
0.04233,0.15129,1.73679
0.04233,0.15129,1.73679
0.04233,0.15129,1.73679
0.04233,0.15129,1.73679
0.04233,0.15129,1.73679
0.04233,0.15129,1.73679
0.04233,0.15129,1.73679
0.04233,0.15129,1.73679
0.04233,0.15129,1.73679
0.04233,0.15129,1.73679
0.04233,0.15129,1.73679
0.04233,0.15129,1.73679
0.04233,0.15129,1.73679
0.04233,0.15129,1.73679
0.04233,0.15129,1.73679
0.04233,0.15129,1.73679
0.04233,0.15129,1.73679
0.04233,0.15129,1.73679
0.04233,0.15129,1.73679
0.04233,0.15129,1.73679
0.04233,0.15129,1.73679
0.04233,0.15129,1.73679
0.04233,0.15129,1.73679
0.04233,0.15129,1.73679
0.04233,0.15129,1.73679
0.04233,0.15129,1.73679
0.04233,0.15129,1.73679
0.04233,0.15129,1.73679
0.04233,0.15129,1.73679
0.04233,0.15129,1.73679
0.04233,0.15129,1.73679
0.04233,0.15129,1.73679
0.04233,0.15129,1.73679
0.04233,0.15129,1.73679
0.04233,0.15129,1.73679
0.04233,0.15129,1.73679
0.04233,0.15129,1.73679
0.04233,0.15129,1.73679
0.04233,0.15129,1.73679
0.04233,0.15129,1.73679
0.04233,0.15129,1.73679
0.04233,0.15129,1.73679
0.04233,0.15129,1.73679
0.04233,0.15129,1.73679
0.04233,0.15129,1.73679
0.04233,0.15129,1.73679
0.04233,0.15129,1.73679
0.04233,0.15129,1.73679
0.04233,0.15129,1.73679
0.04233,0.15129,1.73679
0.04233,0.15129,1.73679
0.04233,0.15129,1.73679
0.04233,0.15129,1.73679
0.04233,0.15129,1.73679
0.04233,0.15129,1.73679
0.04233,0.15129,1.73679
0.03233,0.13129,1.75418
0.03233,0.13129,1.75418
0.03233,0.13129,1.75418
0.03233,0.13129,1.75418
0.03233,0.13129,1.75418
0.03233,0.13129,1.75418
0.03233,0.13129,1.75418
0.03233,0.13129,1.75418
0.03233,0.13129,1.75418
0.03233,0.13129,1.75418
0.03233,0.13129,1.75418
0.03233,0.13129,1.75418
0.03233,0.13129,1.75418
0.03233,0.13129,1.75418
0.03233,0.13129,1.75418
0.03233,0.13129,1.75418
0.03233,0.13129,1.75418
0.03233,0.13129,1.75418
0.03233,0.13129,1.75418
0.03233,0.13129,1.75418
0.03233,0.13129,1.75418
0.03233,0.13129,1.75418
0.03233,0.13129,1.75418
0.03233,0.13129,1.75418
0.03233,0.13129,1.75418
0.03233,0.13129,1.75418
0.03233,0.13129,1.75418
0.03233,0.13129,1.75418
0.03233,0.13129,1.75418
0.03233,0.13129,1.75418
0.03233,0.13129,1.75418
0.03233,0.13129,1.75418
0.03233,0.13129,1.75418
0.03233,0.13129,1.75418
0.03233,0.13129,1.75418
0.03233,0.13129,1.75418
0.03233,0.13129,1.75418
0.03233,0.13129,1.75418
0.03233,0.13129,1.75418
0.03233,0.13129,1.75418
0.03233,0.13129,1.75418
0.03233,0.13129,1.75418
0.03233,0.13129,1.75418
0.03233,0.13129,1.75418
0.03233,0.13129,1.75418
0.03233,0.13129,1.75418
0.03233,0.13129,1.75418
0.03233,0.13129,1.75418
0.03233,0.13129,1.75418
0.03233,0.13129,1.75418
0.03233,0.13129,1.75418
0.03233,0.13129,1.75418
0.03233,0.13129,1.75418
0.03233,0.13129,1.75418
0.03233,0.13129,1.75418
0.03233,0.13129,1.75418
0.03233,0.13129,1.75418
0.03233,0.13129,1.75418
0.03233,0.13129,1.75418
0.03233,0.13129,1.75418
0.03233,0.13129,1.75418
0.03233,0.13129,1.75418
0.03233,0.13129,1.75418
0.03233,0.13129,1.75418
0.03233,0.13129,1.75418
0.03233,0.13129,1.75418
0.03233,0.13129,1.75418
0.03233,0.13129,1.75418
0.03233,0.13129,1.75418
0.03233,0.13129,1.75418
0.03233,0.13129,1.75418
0.03233,0.13129,1.75418
0.03233,0.13129,1.75418
0.03233,0.13129,1.75418
0.03233,0.13129,1.75418
0.03233,0.13129,1.75418
0.03233,0.13129,1.75418
0.03233,0.13129,1.75418
0.03233,0.13129,1.75418
0.03233,0.13129,1.75418
0.03233,0.13129,1.75418
0.03233,0.13129,1.75418
0.03233,0.13129,1.75418
0.03233,0.13129,1.75418
0.03233,0.13129,1.75418
0.03233,0.13129,1.75418
0.03233,0.13129,1.75418
0.03233,0.13129,1.75418
0.03233,0.13129,1.75418
0.03233,0.13129,1.75418
0.03233,0.13129,1.75418
0.03233,0.13129,1.75418
0.03233,0.13129,1.75418
0.03233,0.13129,1.75418
0.03233,0.13129,1.75418
0.03233,0.13129,1.75418
0.03233,0.13129,1.75418
0.03233,0.13129,1.75418
0.03233,0.13129,1.75418
0.03233,0.13129,1.75418
0.03233,0.13129,1.75418
0.03233,0.13129,1.75418
0.03233,0.13129,1.75418
0.03233,0.13129,1.75418
0.03233,0.13129,1.75418
0.03233,0.13129,1.75418
0.03233,0.13129,1.75418
0.03233,0.13129,1.75418
0.03233,0.13129,1.75418
0.03233,0.13129,1.75418
0.03233,0.13129,1.75418
0.03233,0.13129,1.75418
0.03233,0.13129,1.75418
0.03233,0.13129,1.75418
0.03233,0.13129,1.75418
0.03233,0.13129,1.75418
0.03233,0.13129,1.75418
0.03233,0.13129,1.75418
0.03233,0.13129,1.75418
0.03233,0.13129,1.75418
0.03233,0.13129,1.75418
0.03233,0.13129,1.75418
0.03233,0.13129,1.75418
0.03233,0.13129,1.75418
0.03233,0.13129,1.75418
0.03233,0.13129,1.75418
0.03233,0.13129,1.75418
0.03233,0.13129,1.75418
0.03233,0.13129,1.75418
0.03233,0.13129,1.75418
0.03233,0.13129,1.75418
0.03233,0.13129,1.75418
0.03233,0.13129,1.75418
0.03233,0.13129,1.75418
0.03233,0.13129,1.75418
0.03233,0.13129,1.75418
0.03233,0.13129,1.75418
0.03233,0.13129,1.75418
0.03233,0.13129,1.75418
0.03233,0.13129,1.75418
0.03233,0.13129,1.75418
0.03233,0.13129,1.75418
0.03233,0.13129,1.75418
0.03233,0.13129,1.75418
0.03233,0.13129,1.75418
0.03233,0.13129,1.75418
0.03233,0.13129,1.75418
0.03233,0.13129,1.75418
0.03233,0.13129,1.75418
0.03233,0.13129,1.75418
0.03233,0.13129,1.75418
0.03233,0.13129,1.75418
0.03233,0.13129,1.75418
0.03233,0.13129,1.75418
0.03233,0.13129,1.75418
0.03233,0.13129,1.75418
0.03233,0.13129,1.75418
0.03233,0.13129,1.75418
0.03233,0.13129,1.75418
0.03233,0.13129,1.75418
0.03233,0.13129,1.75418
0.03233,0.13129,1.75418
0.03233,0.13129,1.75418
0.03233,0.13129,1.75418
0.03233,0.13129,1.75418
0.03233,0.13129,1.75418
0.03233,0.13129,1.75418
0.03233,0.13129,1.75418
0.03233,0.13129,1.75418
0.03233,0.13129,1.75418
0.03233,0.13129,1.75418
0.03233,0.13129,1.75418
0.03233,0.13129,1.75418
0.03233,0.13129,1.75418
0.03233,0.13129,1.75418
0.03233,0.13129,1.75418
0.03233,0.13129,1.75418
0.03233,0.13129,1.75418
0.03233,0.13129,1.75418
0.03233,0.13129,1.75418
0.03233,0.13129,1.75418
0.03233,0.13129,1.75418
0.03233,0.13129,1.75418
0.03233,0.13129,1.75418
0.03233,0.13129,1.75418
0.03233,0.13129,1.75418
0.03233,0.13129,1.75418
0.03233,0.13129,1.75418
0.03233,0.13129,1.75418
0.03233,0.13129,1.75418
0.03233,0.13129,1.75418
0.03233,0.13129,1.75418
0.03233,0.13129,1.75418
0.03233,0.13129,1.75418
0.03233,0.13129,1.75418
0.03233,0.13129,1.75418
0.03233,0.13129,1.75418
0.03233,0.13129,1.75418
0.03233,0.13129,1.75418
0.03233,0.13129,1.75418
0.03233,0.13129,1.75418
0.03233,0.13129,1.75418
0.03233,0.13129,1.75418
0.03233,0.13129,1.75418
0.03233,0.13129,1.75418
0.03233,0.13129,1.75418
0.03233,0.13129,1.75418
0.03233,0.13129,1.75418
0.03233,0.13129,1.75418
0.03233,0.13129,1.75418
0.03233,0.13129,1.75418
0.03233,0.13129,1.75418
0.03233,0.13129,1.75418
0.03233,0.13129,1.75418
0.03233,0.13129,1.75418
0.03233,0.13129,1.75418
0.03233,0.13129,1.75418
0.03233,0.13129,1.75418
0.03233,0.13129,1.75418
0.03233,0.13129,1.75418
0.03233,0.13129,1.75418
0.03233,0.13129,1.75418
0.03233,0.13129,1.75418
0.03233,0.13129,1.75418
0.03233,0.13129,1.75418
0.03233,0.13129,1.75418
0.03233,0.13129,1.75418
0.03233,0.13129,1.75418
0.03233,0.13129,1.75418
0.03233,0.13129,1.75418
0.03233,0.13129,1.75418
0.03233,0.13129,1.75418
0.03233,0.13129,1.75418
0.03233,0.13129,1.75418
0.03233,0.13129,1.75418
0.03233,0.13129,1.75418
0.03233,0.13129,1.75418
0.03233,0.13129,1.75418
0.03233,0.13129,1.75418
0.03233,0.13129,1.75418
0.03233,0.13129,1.75418
0.03233,0.13129,1.75418
0.03233,0.13129,1.75418
0.03233,0.13129,1.75418
0.03233,0.13129,1.75418
0.03233,0.13129,1.75418
0.03233,0.13129,1.75418
0.03233,0.13129,1.75418
0.03233,0.13129,1.75418
0.03233,0.13129,1.75418
0.03233,0.13129,1.75418
0.03233,0.13129,1.75418
0.03233,0.13129,1.75418
0.03233,0.13129,1.75418
0.03233,0.13129,1.75418
0.03233,0.13129,1.75418
0.03233,0.13129,1.75418
0.03233,0.13129,1.75418
0.03233,0.13129,1.75418
0.03233,0.13129,1.75418
0.03233,0.13129,1.75418
0.03233,0.13129,1.75418
0.03233,0.13129,1.75418
0.03233,0.13129,1.75418
0.03233,0.13129,1.75418
0.03233,0.13129,1.75418
0.03233,0.13129,1.75418
0.03233,0.13129,1.75418
0.03233,0.13129,1.75418
0.03233,0.13129,1.75418
0.03233,0.13129,1.75418
0.03233,0.13129,1.75418
0.03233,0.13129,1.75418
0.03233,0.13129,1.75418
0.03233,0.13129,1.75418
0.03233,0.13129,1.75418
0.03233,0.13129,1.75418
0.03233,0.13129,1.75418
0.03233,0.13129,1.75418
0.03233,0.13129,1.75418
0.03233,0.13129,1.75418
0.03233,0.13129,1.75418
0.03233,0.13129,1.75418
0.03233,0.13129,1.75418
0.03233,0.13129,1.75418
0.03233,0.13129,1.75418
0.03233,0.13129,1.75418
0.03233,0.13129,1.75418
0.03233,0.13129,1.75418
0.03233,0.13129,1.75418
0.03233,0.13129,1.75418
0.03233,0.13129,1.75418
0.03233,0.13129,1.75418
0.03233,0.13129,1.75418
0.03233,0.13129,1.75418
0.03233,0.13129,1.75418
0.03233,0.13129,1.75418
0.03233,0.13129,1.75418
0.03233,0.13129,1.75418
0.03233,0.13129,1.75418
0.03233,0.13129,1.75418
0.03233,0.13129,1.75418
0.03233,0.13129,1.75418
0.03233,0.13129,1.75418
0.03233,0.13129,1.75418
0.03233,0.13129,1.75418
0.03233,0.13129,1.75418
0.03233,0.13129,1.75418
0.03233,0.13129,1.75418
0.03233,0.13129,1.75418
0.03233,0.13129,1.75418
0.03233,0.13129,1.75418
0.03233,0.13129,1.75418
0.03233,0.13129,1.75418
0.03233,0.13129,1.75418
0.03233,0.13129,1.75418
0.03233,0.13129,1.75418
0.03233,0.13129,1.75418
0.03233,0.13129,1.75418
0.03233,0.13129,1.75418
0.03233,0.13129,1.75418
0.03233,0.13129,1.75418
0.03233,0.13129,1.75418
0.03233,0.13129,1.75418
0.03233,0.13129,1.75418
0.03233,0.13129,1.75418
0.03233,0.13129,1.75418
0.03233,0.13129,1.75418
0.03233,0.13129,1.75418
0.03233,0.13129,1.75418
0.03233,0.13129,1.75418
0.03233,0.13129,1.75418
0.03233,0.13129,1.75418
0.03233,0.13129,1.75418
0.03233,0.13129,1.75418
0.03233,0.13129,1.75418
0.03233,0.13129,1.75418
0.03233,0.13129,1.75418
0.03233,0.13129,1.75418
0.03233,0.13129,1.75418
0.03233,0.13129,1.75418
0.03233,0.13129,1.75418
0.03233,0.13129,1.75418
0.03233,0.13129,1.75418
0.03233,0.13129,1.75418
0.03233,0.13129,1.75418
0.03233,0.13129,1.75418
0.03233,0.13129,1.75418
0.03233,0.13129,1.75418
0.03233,0.13129,1.75418
0.03233,0.13129,1.75418
0.03233,0.13129,1.75418
0.03233,0.13129,1.75418
0.03233,0.13129,1.75418
0.03233,0.13129,1.75418
0.03233,0.13129,1.75418
0.03233,0.13129,1.75418
0.03233,0.13129,1.75418
0.03233,0.13129,1.75418
0.03233,0.13129,1.75418
0.03233,0.13129,1.75418
0.03233,0.13129,1.75418
0.03233,0.13129,1.75418
0.03233,0.13129,1.75418
0.03233,0.13129,1.75418
0.03233,0.13129,1.75418
0.03233,0.13129,1.75418
0.03233,0.13129,1.75418
0.03233,0.13129,1.75418
0.03233,0.13129,1.75418
0.03233,0.13129,1.75418
0.03233,0.13129,1.75418
0.03233,0.13129,1.75418
0.03233,0.13129,1.75418
0.03233,0.13129,1.75418
0.03233,0.13129,1.75418
0.03233,0.13129,1.75418
0.03233,0.13129,1.75418
0.03233,0.13129,1.75418
0.03233,0.13129,1.75418
0.03233,0.13129,1.75418
0.03233,0.13129,1.75418
0.03233,0.13129,1.75418
0.03233,0.13129,1.75418
0.03233,0.13129,1.75418
0.03233,0.13129,1.75418
0.03233,0.13129,1.75418
0.03233,0.13129,1.75418
0.03233,0.13129,1.75418
0.03233,0.13129,1.75418
0.03233,0.13129,1.75418
0.03233,0.13129,1.75418
0.03233,0.13129,1.75418
0.03233,0.13129,1.75418
0.03233,0.13129,1.75418
0.03233,0.13129,1.75418
0.03233,0.13129,1.75418
0.03233,0.13129,1.75418
0.03233,0.13129,1.75418
0.03233,0.13129,1.75418
0.03233,0.13129,1.75418
0.03233,0.13129,1.75418
0.03233,0.13129,1.75418
0.03233,0.13129,1.75418
0.03233,0.13129,1.75418
0.03233,0.13129,1.75418
0.03233,0.13129,1.75418
0.03233,0.13129,1.75418
0.03233,0.13129,1.75418
0.03233,0.13129,1.75418
0.03233,0.13129,1.75418
0.03233,0.13129,1.75418
0.03233,0.13129,1.75418
0.03233,0.13129,1.75418
0.03233,0.13129,1.75418
0.03233,0.13129,1.75418
0.03233,0.13129,1.75418
0.03233,0.13129,1.75418
0.03233,0.13129,1.75418
0.03233,0.13129,1.75418
0.01384,0.10989,1.78047
0.01384,0.10989,1.78047
0.01384,0.10989,1.78047
0.01384,0.10989,1.78047
0.01384,0.10989,1.78047
0.01384,0.10989,1.78047
0.01384,0.10989,1.78047
0.01384,0.10989,1.78047
0.01384,0.10989,1.78047
0.01384,0.10989,1.78047
0.01384,0.10989,1.78047
0.01384,0.10989,1.78047
0.01384,0.10989,1.78047
0.01384,0.10989,1.78047
0.01384,0.10989,1.78047
0.01384,0.10989,1.78047
0.01384,0.10989,1.78047
0.01384,0.10989,1.78047
0.01384,0.10989,1.78047
0.01384,0.10989,1.78047
0.01384,0.10989,1.78047
0.01384,0.10989,1.78047
0.01384,0.10989,1.78047
0.01384,0.10989,1.78047
0.01384,0.10989,1.78047
0.01384,0.10989,1.78047
0.01384,0.10989,1.78047
0.01384,0.10989,1.78047
0.01384,0.10989,1.78047
0.01384,0.10989,1.78047
0.01384,0.10989,1.78047
0.01384,0.10989,1.78047
0.01384,0.10989,1.78047
0.01384,0.10989,1.78047
0.01384,0.10989,1.78047
0.01384,0.10989,1.78047
0.01384,0.10989,1.78047
0.01384,0.10989,1.78047
0.01384,0.10989,1.78047
0.01384,0.10989,1.78047
0.01384,0.10989,1.78047
0.01384,0.10989,1.78047
0.01384,0.10989,1.78047
0.01384,0.10989,1.78047
0.01384,0.10989,1.78047
0.01384,0.10989,1.78047
0.01384,0.10989,1.78047
0.01384,0.10989,1.78047
0.01384,0.10989,1.78047
0.01384,0.10989,1.78047
0.01384,0.10989,1.78047
0.01384,0.10989,1.78047
0.01384,0.10989,1.78047
0.01384,0.10989,1.78047
0.01384,0.10989,1.78047
0.01384,0.10989,1.78047
0.01384,0.10989,1.78047
0.01384,0.10989,1.78047
0.01384,0.10989,1.78047
0.01384,0.10989,1.78047
0.01384,0.10989,1.78047
0.01384,0.10989,1.78047
0.01384,0.10989,1.78047
0.01384,0.10989,1.78047
0.01384,0.10989,1.78047
0.01384,0.10989,1.78047
0.01384,0.10989,1.78047
0.01384,0.10989,1.78047
0.01384,0.10989,1.78047
0.01384,0.10989,1.78047
0.01384,0.10989,1.78047
0.01384,0.10989,1.78047
0.01384,0.10989,1.78047
0.01384,0.10989,1.78047
0.01384,0.10989,1.78047
0.01384,0.10989,1.78047
0.01384,0.10989,1.78047
0.01384,0.10989,1.78047
0.01384,0.10989,1.78047
0.01384,0.10989,1.78047
0.01384,0.10989,1.78047
0.01384,0.10989,1.78047
0.01384,0.10989,1.78047
0.01384,0.10989,1.78047
0.01384,0.10989,1.78047
0.01384,0.10989,1.78047
0.01384,0.10989,1.78047
0.01384,0.10989,1.78047
0.01384,0.10989,1.78047
0.01384,0.10989,1.78047
0.01384,0.10989,1.78047
0.01384,0.10989,1.78047
0.01384,0.10989,1.78047
0.01384,0.10989,1.78047
0.01384,0.10989,1.78047
0.01384,0.10989,1.78047
0.01384,0.10989,1.78047
0.01384,0.10989,1.78047
0.01384,0.10989,1.78047
0.01384,0.10989,1.78047
0.01384,0.10989,1.78047
0.01384,0.10989,1.78047
0.01384,0.10989,1.78047
0.01384,0.10989,1.78047
0.01384,0.10989,1.78047
0.01384,0.10989,1.78047
0.01384,0.10989,1.78047
0.01384,0.10989,1.78047
0.01384,0.10989,1.78047
0.01384,0.10989,1.78047
0.01384,0.10989,1.78047
0.01384,0.10989,1.78047
0.01384,0.10989,1.78047
0.01384,0.10989,1.78047
0.01384,0.10989,1.78047
0.01384,0.10989,1.78047
0.01384,0.10989,1.78047
0.01384,0.10989,1.78047
0.01384,0.10989,1.78047
0.01384,0.10989,1.78047
0.01384,0.10989,1.78047
0.01384,0.10989,1.78047
0.01384,0.10989,1.78047
0.01384,0.10989,1.78047
0.01384,0.10989,1.78047
0.01384,0.10989,1.78047
0.01384,0.10989,1.78047
0.01384,0.10989,1.78047
0.01384,0.10989,1.78047
0.01384,0.10989,1.78047
0.01384,0.10989,1.78047
0.01384,0.10989,1.78047
0.01384,0.10989,1.78047
0.01384,0.10989,1.78047
0.01384,0.10989,1.78047
0.01384,0.10989,1.78047
0.01384,0.10989,1.78047
0.01384,0.10989,1.78047
0.01384,0.10989,1.78047
0.01384,0.10989,1.78047
0.01384,0.10989,1.78047
0.01384,0.10989,1.78047
0.01384,0.10989,1.78047
0.01384,0.10989,1.78047
0.01384,0.10989,1.78047
0.01384,0.10989,1.78047
0.01384,0.10989,1.78047
0.01384,0.10989,1.78047
0.01384,0.10989,1.78047
0.01384,0.10989,1.78047
0.01384,0.10989,1.78047
0.01384,0.10989,1.78047
0.01384,0.10989,1.78047
0.01384,0.10989,1.78047
0.01384,0.10989,1.78047
0.01384,0.10989,1.78047
0.01384,0.10989,1.78047
0.01384,0.10989,1.78047
0.01384,0.10989,1.78047
0.01384,0.10989,1.78047
0.01384,0.10989,1.78047
0.01384,0.10989,1.78047
0.01384,0.10989,1.78047
0.01384,0.10989,1.78047
0.01384,0.10989,1.78047
0.01384,0.10989,1.78047
0.01384,0.10989,1.78047
0.01384,0.10989,1.78047
0.01384,0.10989,1.78047
0.01384,0.10989,1.78047
0.01384,0.10989,1.78047
0.01384,0.10989,1.78047
0.01384,0.10989,1.78047
0.01384,0.10989,1.78047
0.01384,0.10989,1.78047
0.01384,0.10989,1.78047
0.01384,0.10989,1.78047
0.01384,0.10989,1.78047
0.01384,0.10989,1.78047
0.01384,0.10989,1.78047
0.01384,0.10989,1.78047
0.01384,0.10989,1.78047
0.01384,0.10989,1.78047
0.01384,0.10989,1.78047
0.01384,0.10989,1.78047
0.01384,0.10989,1.78047
0.01384,0.10989,1.78047
0.01384,0.10989,1.78047
0.01384,0.10989,1.78047
0.01384,0.10989,1.78047
0.01384,0.10989,1.78047
0.01384,0.10989,1.78047
0.01384,0.10989,1.78047
0.01384,0.10989,1.78047
0.01384,0.10989,1.78047
0.01384,0.10989,1.78047
0.01384,0.10989,1.78047
0.01384,0.10989,1.78047
0.01384,0.10989,1.78047
0.01384,0.10989,1.78047
0.01384,0.10989,1.78047
0.01384,0.10989,1.78047
0.01384,0.10989,1.78047
0.01384,0.10989,1.78047
0.01384,0.10989,1.78047
0.01384,0.10989,1.78047
0.01384,0.10989,1.78047
0.01384,0.10989,1.78047
0.01384,0.10989,1.78047
0.01384,0.10989,1.78047
0.01384,0.10989,1.78047
0.01384,0.10989,1.78047
0.01384,0.10989,1.78047
0.01384,0.10989,1.78047
0.01384,0.10989,1.78047
0.01384,0.10989,1.78047
0.01384,0.10989,1.78047
0.01384,0.10989,1.78047
0.01384,0.10989,1.78047
0.01384,0.10989,1.78047
0.01384,0.10989,1.78047
0.01384,0.10989,1.78047
0.01384,0.10989,1.78047
0.01384,0.10989,1.78047
0.01384,0.10989,1.78047
0.01384,0.10989,1.78047
0.01384,0.10989,1.78047
0.01384,0.10989,1.78047
0.01384,0.10989,1.78047
0.01384,0.10989,1.78047
0.01384,0.10989,1.78047
0.01384,0.10989,1.78047
0.01384,0.10989,1.78047
0.01384,0.10989,1.78047
0.01384,0.10989,1.78047
0.01384,0.10989,1.78047
0.01384,0.10989,1.78047
0.01384,0.10989,1.78047
0.01384,0.10989,1.78047
0.01384,0.10989,1.78047
0.01384,0.10989,1.78047
0.01384,0.10989,1.78047
0.01384,0.10989,1.78047
0.01384,0.10989,1.78047
0.01384,0.10989,1.78047
0.01384,0.10989,1.78047
0.01384,0.10989,1.78047
0.01384,0.10989,1.78047
0.01384,0.10989,1.78047
0.01384,0.10989,1.78047
0.01384,0.10989,1.78047
0.01384,0.10989,1.78047
0.01384,0.10989,1.78047
0.01384,0.10989,1.78047
0.01384,0.10989,1.78047
0.01384,0.10989,1.78047
0.01384,0.10989,1.78047
0.01384,0.10989,1.78047
0.01384,0.10989,1.78047
0.01384,0.10989,1.78047
0.01384,0.10989,1.78047
0.01384,0.10989,1.78047
0.01384,0.10989,1.78047
0.01384,0.10989,1.78047
0.01384,0.10989,1.78047
0.01384,0.10989,1.78047
0.01384,0.10989,1.78047
0.01384,0.10989,1.78047
0.01384,0.10989,1.78047
0.01384,0.10989,1.78047
0.01384,0.10989,1.78047
0.01384,0.10989,1.78047
0.01384,0.10989,1.78047
0.01384,0.10989,1.78047
0.01384,0.10989,1.78047
0.01384,0.10989,1.78047
0.01384,0.10989,1.78047
0.01384,0.10989,1.78047
0.01384,0.10989,1.78047
0.01384,0.10989,1.78047
0.01384,0.10989,1.78047
0.01384,0.10989,1.78047
0.01384,0.10989,1.78047
0.01384,0.10989,1.78047
0.01384,0.10989,1.78047
0.01384,0.10989,1.78047
0.01384,0.10989,1.78047
0.01384,0.10989,1.78047
0.01384,0.10989,1.78047
0.01384,0.10989,1.78047
0.01384,0.10989,1.78047
0.01384,0.10989,1.78047
0.01384,0.10989,1.78047
0.01384,0.10989,1.78047
0.01384,0.10989,1.78047
0.01384,0.10989,1.78047
0.01384,0.10989,1.78047
0.01384,0.10989,1.78047
0.01384,0.10989,1.78047
0.01384,0.10989,1.78047
0.01384,0.10989,1.78047
0.01384,0.10989,1.78047
0.01384,0.10989,1.78047
0.01384,0.10989,1.78047
0.01384,0.10989,1.78047
0.01384,0.10989,1.78047
0.01384,0.10989,1.78047
0.01384,0.10989,1.78047
0.01384,0.10989,1.78047
0.01384,0.10989,1.78047
0.01384,0.10989,1.78047
0.01384,0.10989,1.78047
0.01384,0.10989,1.78047
0.01384,0.10989,1.78047
0.01384,0.10989,1.78047
0.01384,0.10989,1.78047
0.01384,0.10989,1.78047
0.01384,0.10989,1.78047
0.01384,0.10989,1.78047
0.01384,0.10989,1.78047
0.01384,0.10989,1.78047
0.01384,0.10989,1.78047
0.01384,0.10989,1.78047
0.01384,0.10989,1.78047
0.01384,0.10989,1.78047
0.01384,0.10989,1.78047
0.01384,0.10989,1.78047
0.01384,0.10989,1.78047
0.01384,0.10989,1.78047
0.01384,0.10989,1.78047
0.01384,0.10989,1.78047
0.01384,0.10989,1.78047
0.01384,0.10989,1.78047
0.01384,0.10989,1.78047
0.01384,0.10989,1.78047
0.01384,0.10989,1.78047
0.01384,0.10989,1.78047
0.01384,0.10989,1.78047
0.01384,0.10989,1.78047
0.01384,0.10989,1.78047
0.01384,0.10989,1.78047
0.01384,0.10989,1.78047
0.01384,0.10989,1.78047
0.01384,0.10989,1.78047
0.01384,0.10989,1.78047
0.01384,0.10989,1.78047
0.01384,0.10989,1.78047
0.01384,0.10989,1.78047
0.01384,0.10989,1.78047
0.01384,0.10989,1.78047
0.01384,0.10989,1.78047
0.01384,0.10989,1.78047
0.01384,0.10989,1.78047
0.01384,0.10989,1.78047
0.01384,0.10989,1.78047
0.01384,0.10989,1.78047
0.01384,0.10989,1.78047
0.01384,0.10989,1.78047
0.01384,0.10989,1.78047
0.01384,0.10989,1.78047
0.01384,0.10989,1.78047
0.01384,0.10989,1.78047
0.01384,0.10989,1.78047
0.01384,0.10989,1.78047
0.01384,0.10989,1.78047
0.01384,0.10989,1.78047
0.01384,0.10989,1.78047
0.01384,0.10989,1.78047
0.01384,0.10989,1.78047
0.01384,0.10989,1.78047
0.01384,0.10989,1.78047
0.01384,0.10989,1.78047
0.01384,0.10989,1.78047
0.01384,0.10989,1.78047
0.01384,0.10989,1.78047
0.01384,0.10989,1.78047
0.01384,0.10989,1.78047
0.01384,0.10989,1.78047
0.01384,0.10989,1.78047
0.01384,0.10989,1.78047
0.01384,0.10989,1.78047
0.01384,0.10989,1.78047
0.01384,0.10989,1.78047
0.01384,0.10989,1.78047
0.01384,0.10989,1.78047
0.01384,0.10989,1.78047
0.01384,0.10989,1.78047
0.01384,0.10989,1.78047
0.01384,0.10989,1.78047
0.01384,0.10989,1.78047
0.01384,0.10989,1.78047
0.01384,0.10989,1.78047
0.01384,0.10989,1.78047
0.01384,0.10989,1.78047
0.01384,0.10989,1.78047
0.01384,0.10989,1.78047
0.01384,0.10989,1.78047
0.01384,0.10989,1.78047
0.01384,0.10989,1.78047
0.01384,0.10989,1.78047
0.01384,0.10989,1.78047
0.01384,0.10989,1.78047
0.01384,0.10989,1.78047
0.01384,0.10989,1.78047
0.01384,0.10989,1.78047
0.01384,0.10989,1.78047
0.01384,0.10989,1.78047
0.01384,0.10989,1.78047
0.01384,0.10989,1.78047
0.01384,0.10989,1.78047
0.01384,0.10989,1.78047
0.01384,0.10989,1.78047
0.01384,0.10989,1.78047
0.01384,0.10989,1.78047
0.01384,0.10989,1.78047
0.01384,0.10989,1.78047
0.01384,0.10989,1.78047
0.01384,0.10989,1.78047
0.01384,0.10989,1.78047
0.01384,0.10989,1.78047
0.01384,0.10989,1.78047
0.01384,0.10989,1.78047
0.01384,0.10989,1.78047
0.01384,0.10989,1.78047
0.01384,0.10989,1.78047
0.01384,0.10989,1.78047
0.01384,0.10989,1.78047
0.01384,0.10989,1.78047
0.01384,0.10989,1.78047
0.01384,0.10989,1.78047
0.01384,0.10989,1.78047
0.01384,0.10989,1.78047
0.01384,0.10989,1.78047
0.01384,0.10989,1.78047
0.01384,0.10989,1.78047
0.01384,0.10989,1.78047
0.01384,0.10989,1.78047
0.01384,0.10989,1.78047
0.01384,0.10989,1.78047
0.01384,0.10989,1.78047
0.01384,0.10989,1.78047
0.01384,0.10989,1.78047
0.01384,0.10989,1.78047
0.01384,0.10989,1.78047
0.01384,0.10989,1.78047
0.01384,0.10989,1.78047
0.01384,0.10989,1.78047
0.01384,0.10989,1.78047
0.01384,0.10989,1.78047
0.01384,0.10989,1.78047
0.01384,0.10989,1.78047
0.01384,0.10989,1.78047
0.01384,0.10989,1.78047
0.01384,0.10989,1.78047
0.01384,0.10989,1.78047
0.01384,0.10989,1.78047
0.01384,0.10989,1.78047
0.01384,0.10989,1.78047
0.01384,0.10989,1.78047
0.01384,0.10989,1.78047
0.01384,0.10989,1.78047
0.01384,0.10989,1.78047
0.01384,0.10989,1.78047
0.01384,0.10989,1.78047
0.01384,0.10989,1.78047
0.01384,0.10989,1.78047
0.01384,0.10989,1.78047
0.01384,0.10989,1.78047
0.01384,0.10989,1.78047
0.01384,0.10989,1.78047
0.01384,0.10989,1.78047
0.01384,0.10989,1.78047
0.01384,0.10989,1.78047
0.01384,0.10989,1.78047
0.01384,0.10989,1.78047
0.01384,0.10989,1.78047
0.01384,0.10989,1.78047
0.01384,0.10989,1.78047
0.01384,0.10989,1.78047
0.01384,0.10989,1.78047
0.01384,0.10989,1.78047
0.01384,0.10989,1.78047
0.01384,0.10989,1.78047
0.01384,0.10989,1.78047
0.01384,0.10989,1.78047
0.01384,0.10989,1.78047
0.01384,0.10989,1.78047
0.01384,0.10989,1.78047
0.01384,0.10989,1.78047
0.01384,0.10989,1.78047
0.01384,0.10989,1.78047
0.01384,0.10989,1.78047
0.01384,0.10989,1.78047
0.01384,0.10989,1.78047
0.01384,0.10989,1.78047
0.01384,0.10989,1.78047
0.01384,0.10989,1.78047
0.01384,0.10989,1.78047
0.01384,0.10989,1.78047
0.01384,0.10989,1.78047
0.01384,0.10989,1.78047
0.01384,0.10989,1.78047
0.01384,0.10989,1.78047
0.01384,0.10989,1.78047
0.01384,0.10989,1.78047
0.01384,0.10989,1.78047
0.01384,0.10989,1.78047
0.01384,0.10989,1.78047
0.01384,0.10989,1.78047
0.01384,0.10989,1.78047
0.01384,0.10989,1.78047
0.01384,0.10989,1.78047
0.01384,0.10989,1.78047
0.01384,0.10989,1.78047
0.01384,0.10989,1.78047
0.01384,0.10989,1.78047
0.01384,0.10989,1.78047
0.01384,0.10989,1.78047
0.01384,0.10989,1.78047
0.01384,0.10989,1.78047
0.01384,0.10989,1.78047
0.01384,0.10989,1.78047
0.01384,0.10989,1.78047
0.01384,0.10989,1.78047
0.01384,0.10989,1.78047
0.01384,0.10989,1.78047
0.01384,0.10989,1.78047
0.01384,0.10989,1.78047
0.01384,0.10989,1.78047
0.01384,0.10989,1.78047
0.01384,0.10989,1.78047
0.01384,0.10989,1.78047
0.01384,0.10989,1.78047
0.01384,0.10989,1.78047
0.01384,0.10989,1.78047
0.01384,0.10989,1.78047
0.01384,0.10989,1.78047
0.01384,0.10989,1.78047
0.01384,0.10989,1.78047
0.01384,0.10989,1.78047
0.01384,0.10989,1.78047
0.01384,0.10989,1.78047
0.01384,0.10989,1.78047
0.01384,0.10989,1.78047
0.01384,0.10989,1.78047
0.01384,0.10989,1.78047
0.01384,0.10989,1.78047
0.01384,0.10989,1.78047
0.01384,0.10989,1.78047
0.01384,0.10989,1.78047
0.01384,0.10989,1.78047
0.01384,0.10989,1.78047
0.01384,0.10989,1.78047
0.01384,0.10989,1.78047
0.01384,0.10989,1.78047
0.01384,0.10989,1.78047
0.01384,0.10989,1.78047
0.01384,0.10989,1.78047
0.01384,0.10989,1.78047
0.01384,0.10989,1.78047
0.01384,0.10989,1.78047
0.01384,0.10989,1.78047
0.01384,0.10989,1.78047
0.01384,0.10989,1.78047
0.01384,0.10989,1.78047
0.01384,0.10989,1.78047
0.01384,0.10989,1.78047
0.01384,0.10989,1.78047
0.01384,0.10989,1.78047
0.01384,0.10989,1.78047
0.01384,0.10989,1.78047
0.01384,0.10989,1.78047
0.01384,0.10989,1.78047
0.01384,0.10989,1.78047
0.01384,0.10989,1.78047
0.01384,0.10989,1.78047
0.01384,0.10989,1.78047
0.01384,0.10989,1.78047
0.01384,0.10989,1.78047
0.01384,0.10989,1.78047
0.01384,0.10989,1.78047
0.01384,0.10989,1.78047
0.01384,0.10989,1.78047
0.01384,0.10989,1.78047
0.01384,0.10989,1.78047
0.01384,0.10989,1.78047
0.01384,0.10989,1.78047
0.01384,0.10989,1.78047
0.01384,0.10989,1.78047
0.01384,0.10989,1.78047
0.01384,0.10989,1.78047
0.01384,0.10989,1.78047
0.01384,0.10989,1.78047
0.01384,0.10989,1.78047
0.01384,0.10989,1.78047
0.01384,0.10989,1.78047
0.01384,0.10989,1.78047
0.01384,0.10989,1.78047
0.01384,0.10989,1.78047
0.01384,0.10989,1.78047
0.01384,0.10989,1.78047
0.01384,0.10989,1.78047
0.01384,0.10989,1.78047
0.01384,0.10989,1.78047
0.01384,0.10989,1.78047
0.01384,0.10989,1.78047
0.01384,0.10989,1.78047
0.01384,0.10989,1.78047
0.01384,0.10989,1.78047
0.01384,0.10989,1.78047
0.01384,0.10989,1.78047
0.01384,0.10989,1.78047
0.01384,0.10989,1.78047
0.01384,0.10989,1.78047
0.01384,0.10989,1.78047
0.01384,0.10989,1.78047
0.01384,0.10989,1.78047
0.01384,0.10989,1.78047
0.01384,0.10989,1.78047
0.01384,0.10989,1.78047
0.01384,0.10989,1.78047
0.01384,0.10989,1.78047
0.01384,0.10989,1.78047
0.01384,0.10989,1.78047
0.01384,0.10989,1.78047
0.01384,0.10989,1.78047
0.01384,0.10989,1.78047
0.01384,0.10989,1.78047
0.01384,0.10989,1.78047
0.01384,0.10989,1.78047
0.01384,0.10989,1.78047
0.01384,0.10989,1.78047
0.01384,0.10989,1.78047
0.01384,0.10989,1.78047
0.01384,0.10989,1.78047
0.01384,0.10989,1.78047
0.01384,0.10989,1.78047
0.01384,0.10989,1.78047
0.01384,0.10989,1.78047
0.01384,0.10989,1.78047
0.01384,0.10989,1.78047
0.01384,0.10989,1.78047
0.01384,0.10989,1.78047
0.01384,0.10989,1.78047
0.01384,0.10989,1.78047
0.01384,0.10989,1.78047
0.01384,0.10989,1.78047
0.01384,0.10989,1.78047
0.01384,0.10989,1.78047
0.01384,0.10989,1.78047
0.01384,0.10989,1.78047
0.01384,0.10989,1.78047
0.01384,0.10989,1.78047
0.01384,0.10989,1.78047
0.01384,0.10989,1.78047
0.01384,0.10989,1.78047
0.01384,0.10989,1.78047
0.01384,0.10989,1.78047
0.01384,0.10989,1.78047
0.01384,0.10989,1.78047
0.01384,0.10989,1.78047
0.01384,0.10989,1.78047
0.01384,0.10989,1.78047
0.01384,0.10989,1.78047
0.01384,0.10989,1.78047
0.01384,0.10989,1.78047
0.01384,0.10989,1.78047
0.01384,0.10989,1.78047
0.01384,0.10989,1.78047
0.01384,0.10989,1.78047
0.01384,0.10989,1.78047
0.01384,0.10989,1.78047
0.01384,0.10989,1.78047
0.01384,0.10989,1.78047
0.01384,0.10989,1.78047
0.01384,0.10989,1.78047
0.01384,0.10989,1.78047
0.01384,0.10989,1.78047
0.01384,0.10989,1.78047
0.01384,0.10989,1.78047
0.01384,0.10989,1.78047
0.01384,0.10989,1.78047
0.01384,0.10989,1.78047
0.01384,0.10989,1.78047
0.01384,0.10989,1.78047
0.01384,0.10989,1.78047
0.01384,0.10989,1.78047
0.01384,0.10989,1.78047
0.01384,0.10989,1.78047
0.01384,0.10989,1.78047
0.01384,0.10989,1.78047
0.01384,0.10989,1.78047
0.01384,0.10989,1.78047
0.01384,0.10989,1.78047
0.01384,0.10989,1.78047
0.01384,0.10989,1.78047
0.01384,0.10989,1.78047
0.01384,0.10989,1.78047
0.01384,0.10989,1.78047
0.01384,0.10989,1.78047
0.01384,0.10989,1.78047
0.01384,0.10989,1.78047
0.01384,0.10989,1.78047
0.01384,0.10989,1.78047
0.01384,0.10989,1.78047
0.01384,0.10989,1.78047
0.01384,0.10989,1.78047
0.01384,0.10989,1.78047
0.01384,0.10989,1.78047
0.01384,0.10989,1.78047
0.01384,0.10989,1.78047
0.01384,0.10989,1.78047
0.01384,0.10989,1.78047
0.01384,0.10989,1.78047
0.01384,0.10989,1.78047
0.01384,0.10989,1.78047
0.01384,0.10989,1.78047
0.01384,0.10989,1.78047
0.01384,0.10989,1.78047
0.01384,0.10989,1.78047
0.01384,0.10989,1.78047
0.01384,0.10989,1.78047
0.01384,0.10989,1.78047
0.01384,0.10989,1.78047
0.01384,0.10989,1.78047
0.01384,0.10989,1.78047
0.01384,0.10989,1.78047
0.01384,0.10989,1.78047
0.01384,0.10989,1.78047
0.01384,0.10989,1.78047
0.01384,0.10989,1.78047
0.01384,0.10989,1.78047
0.01384,0.10989,1.78047
0.01384,0.10989,1.78047
0.01384,0.10989,1.78047
0.01384,0.10989,1.78047
0.01384,0.10989,1.78047
0.01384,0.10989,1.78047
0.01384,0.10989,1.78047
0.01384,0.10989,1.78047
0.01384,0.10989,1.78047
0.01384,0.10989,1.78047
0.01384,0.10989,1.78047
0.01384,0.10989,1.78047
0.01384,0.10989,1.78047
0.01384,0.10989,1.78047
0.01384,0.10989,1.78047
0.01384,0.10989,1.78047
0.01384,0.10989,1.78047
0.01384,0.10989,1.78047
0.01384,0.10989,1.78047
0.01384,0.10989,1.78047
0.01384,0.10989,1.78047
0.01384,0.10989,1.78047
0.01384,0.10989,1.78047
0.01384,0.10989,1.78047
0.01384,0.10989,1.78047
0.01384,0.10989,1.78047
0.01384,0.10989,1.78047
0.01384,0.10989,1.78047
0.01384,0.10989,1.78047
0.01384,0.10989,1.78047
0.01384,0.10989,1.78047
0.01384,0.10989,1.78047
0.01384,0.10989,1.78047
0.01384,0.10989,1.78047
0.01384,0.10989,1.78047
0.01384,0.10989,1.78047
0.01384,0.10989,1.78047
0.01384,0.10989,1.78047
0.01384,0.10989,1.78047
0.01384,0.10989,1.78047
0.01384,0.10989,1.78047
0.01384,0.10989,1.78047
0.01384,0.10989,1.78047
0.01384,0.10989,1.78047
0.01384,0.10989,1.78047
0.01384,0.10989,1.78047
0.01384,0.10989,1.78047
0.01384,0.10989,1.78047
0.01384,0.10989,1.78047
0.01384,0.10989,1.78047
0.01384,0.10989,1.78047
0.01384,0.10989,1.78047
0.01384,0.10989,1.78047
0.01384,0.10989,1.78047
0.01384,0.10989,1.78047
0.01384,0.10989,1.78047
0.01384,0.10989,1.78047
0.01384,0.10989,1.78047
0.01384,0.10989,1.78047
0.01384,0.10989,1.78047
0.01384,0.10989,1.78047
0.01384,0.10989,1.78047
0.01384,0.10989,1.78047
0.01384,0.10989,1.78047
0.01384,0.10989,1.78047
0.01384,0.10989,1.78047
0.01384,0.10989,1.78047
0.01384,0.10989,1.78047
0.01384,0.10989,1.78047
0.01384,0.10989,1.78047
0.01384,0.10989,1.78047
0.01384,0.10989,1.78047
0.01384,0.10989,1.78047
0.01384,0.10989,1.78047
0.01384,0.10989,1.78047
0.01384,0.10989,1.78047
0.01384,0.10989,1.78047
0.01384,0.10989,1.78047
0.01384,0.10989,1.78047
0.01384,0.10989,1.78047
0.01384,0.10989,1.78047
0.01384,0.10989,1.78047
0.01384,0.10989,1.78047
0.01384,0.10989,1.78047
0.01384,0.10989,1.78047
0.01384,0.10989,1.78047
0.01384,0.10989,1.78047
0.01384,0.10989,1.78047
0.01384,0.10989,1.78047
0.01384,0.10989,1.78047
0.01384,0.10989,1.78047
0.01384,0.10989,1.78047
0.01384,0.10989,1.78047
0.01384,0.10989,1.78047
0.01384,0.10989,1.78047
0.01384,0.10989,1.78047
0.01384,0.10989,1.78047
0.01384,0.10989,1.78047
0.01384,0.10989,1.78047
0.01384,0.10989,1.78047
0.01384,0.10989,1.78047
0.01384,0.10989,1.78047
0.01384,0.10989,1.78047
0.01384,0.10989,1.78047
0.01384,0.10989,1.78047
0.01384,0.10989,1.78047
0.01384,0.10989,1.78047
0.01384,0.10989,1.78047
0.01384,0.10989,1.78047
0.01384,0.10989,1.78047
0.01384,0.10989,1.78047
0.01384,0.10989,1.78047
0.01384,0.10989,1.78047
0.01384,0.10989,1.78047
0.01384,0.10989,1.78047
0.01384,0.10989,1.78047
0.01384,0.10989,1.78047
0.01384,0.10989,1.78047
0.01384,0.10989,1.78047
0.01384,0.10989,1.78047
0.01384,0.10989,1.78047
0.01384,0.10989,1.78047
0.01384,0.10989,1.78047
0.01384,0.10989,1.78047
0.01384,0.10989,1.78047
0.01384,0.10989,1.78047
0.01384,0.10989,1.78047
0.01384,0.10989,1.78047
0.01384,0.10989,1.78047
0.01384,0.10989,1.78047
0.01384,0.10989,1.78047
0.01384,0.10989,1.78047
0.01384,0.10989,1.78047
0.01384,0.10989,1.78047
0.01384,0.10989,1.78047
0.01384,0.10989,1.78047
0.01384,0.10989,1.78047
0.01384,0.10989,1.78047
0.01384,0.10989,1.78047
0.01384,0.10989,1.78047
0.01384,0.10989,1.78047
0.01384,0.10989,1.78047
0.01384,0.10989,1.78047
0.01384,0.10989,1.78047
0.01384,0.10989,1.78047
0.01384,0.10989,1.78047
0.01384,0.10989,1.78047
0.01384,0.10989,1.78047
0.01384,0.10989,1.78047
0.01384,0.10989,1.78047
0.01384,0.10989,1.78047
0.01384,0.10989,1.78047
0.01384,0.10989,1.78047
0.01384,0.10989,1.78047
0.01384,0.10989,1.78047
0.01384,0.10989,1.78047
0.01384,0.10989,1.78047
0.01384,0.10989,1.78047
0.01384,0.10989,1.78047
0.01384,0.10989,1.78047
0.01384,0.10989,1.78047
0.01384,0.10989,1.78047
0.01384,0.10989,1.78047
0.01384,0.10989,1.78047
0.01384,0.10989,1.78047
0.01384,0.10989,1.78047
0.01384,0.10989,1.78047
0.01384,0.10989,1.78047
0.01384,0.10989,1.78047
0.01384,0.10989,1.78047
0.01384,0.10989,1.78047
0.01384,0.10989,1.78047
0.01384,0.10989,1.78047
0.01384,0.10989,1.78047
0.01384,0.10989,1.78047
0.01384,0.10989,1.78047
0.01384,0.10989,1.78047
0.01384,0.10989,1.78047
0.01384,0.10989,1.78047
0.01384,0.10989,1.78047
0.01384,0.10989,1.78047
0.01384,0.10989,1.78047
0.01384,0.10989,1.78047
0.01384,0.10989,1.78047
0.01384,0.10989,1.78047
0.01384,0.10989,1.78047
0.01384,0.10989,1.78047
0.01384,0.10989,1.78047
0.01384,0.10989,1.78047
0.01384,0.10989,1.78047
0.01384,0.10989,1.78047
0.01384,0.10989,1.78047
0.01384,0.10989,1.78047
0.01384,0.10989,1.78047
0.01384,0.10989,1.78047
0.01384,0.10989,1.78047
0.01384,0.10989,1.78047
0.01384,0.10989,1.78047
0.01384,0.10989,1.78047
0.01384,0.10989,1.78047
0.01384,0.10989,1.78047
0.01384,0.10989,1.78047
0.01384,0.10989,1.78047
0.01384,0.10989,1.78047
0.01384,0.10989,1.78047
0.01384,0.10989,1.78047
0.01384,0.10989,1.78047
0.01384,0.10989,1.78047
0.01384,0.10989,1.78047
0.01384,0.10989,1.78047
0.01384,0.10989,1.78047
0.03378,0.11134,1.80226
0.03378,0.11134,1.80226
0.03378,0.11134,1.80226
0.03378,0.11134,1.80226
0.03378,0.11134,1.80226
0.03378,0.11134,1.80226
0.03378,0.11134,1.80226
0.03378,0.11134,1.80226
0.03378,0.11134,1.80226
0.03378,0.11134,1.80226
0.03378,0.11134,1.80226
0.03378,0.11134,1.80226
0.03378,0.11134,1.80226
0.03378,0.11134,1.80226
0.03378,0.11134,1.80226
0.03378,0.11134,1.80226
0.03378,0.11134,1.80226
0.03378,0.11134,1.80226
0.03378,0.11134,1.80226
0.03378,0.11134,1.80226
0.03378,0.11134,1.80226
0.03378,0.11134,1.80226
0.03378,0.11134,1.80226
0.03378,0.11134,1.80226
0.03378,0.11134,1.80226
0.03378,0.11134,1.80226
0.03378,0.11134,1.80226
0.03378,0.11134,1.80226
0.03378,0.11134,1.80226
0.03378,0.11134,1.80226
0.03378,0.11134,1.80226
0.03378,0.11134,1.80226
0.03378,0.11134,1.80226
0.03378,0.11134,1.80226
0.03378,0.11134,1.80226
0.03378,0.11134,1.80226
0.03378,0.11134,1.80226
0.03378,0.11134,1.80226
0.03378,0.11134,1.80226
0.03378,0.11134,1.80226
0.03378,0.11134,1.80226
0.03378,0.11134,1.80226
0.03378,0.11134,1.80226
0.03378,0.11134,1.80226
0.03378,0.11134,1.80226
0.03378,0.11134,1.80226
0.03378,0.11134,1.80226
0.03378,0.11134,1.80226
0.03378,0.11134,1.80226
0.03378,0.11134,1.80226
0.03378,0.11134,1.80226
0.03378,0.11134,1.80226
0.03378,0.11134,1.80226
0.03378,0.11134,1.80226
0.03378,0.11134,1.80226
0.03378,0.11134,1.80226
0.03378,0.11134,1.80226
0.03378,0.11134,1.80226
0.03378,0.11134,1.80226
0.03378,0.11134,1.80226
0.03378,0.11134,1.80226
0.03378,0.11134,1.80226
0.03378,0.11134,1.80226
0.03378,0.11134,1.80226
0.03378,0.11134,1.80226
0.03378,0.11134,1.80226
0.03378,0.11134,1.80226
0.03378,0.11134,1.80226
0.03378,0.11134,1.80226
0.03378,0.11134,1.80226
0.03378,0.11134,1.80226
0.03378,0.11134,1.80226
0.03378,0.11134,1.80226
0.03378,0.11134,1.80226
0.03378,0.11134,1.80226
0.03378,0.11134,1.80226
0.03378,0.11134,1.80226
0.03378,0.11134,1.80226
0.03378,0.11134,1.80226
0.03378,0.11134,1.80226
0.03378,0.11134,1.80226
0.03378,0.11134,1.80226
0.03378,0.11134,1.80226
0.03378,0.11134,1.80226
0.03378,0.11134,1.80226
0.03378,0.11134,1.80226
0.03378,0.11134,1.80226
0.03378,0.11134,1.80226
0.03378,0.11134,1.80226
0.03378,0.11134,1.80226
0.03378,0.11134,1.80226
0.03378,0.11134,1.80226
0.03378,0.11134,1.80226
0.03378,0.11134,1.80226
0.03378,0.11134,1.80226
0.03378,0.11134,1.80226
0.03378,0.11134,1.80226
0.03378,0.11134,1.80226
0.03378,0.11134,1.80226
0.03378,0.11134,1.80226
0.03378,0.11134,1.80226
0.03378,0.11134,1.80226
0.03378,0.11134,1.80226
0.03378,0.11134,1.80226
0.03378,0.11134,1.80226
0.03378,0.11134,1.80226
0.03378,0.11134,1.80226
0.03378,0.11134,1.80226
0.03378,0.11134,1.80226
0.03378,0.11134,1.80226
0.03378,0.11134,1.80226
0.03378,0.11134,1.80226
0.03378,0.11134,1.80226
0.03378,0.11134,1.80226
0.03378,0.11134,1.80226
0.03378,0.11134,1.80226
0.03378,0.11134,1.80226
0.03378,0.11134,1.80226
0.03378,0.11134,1.80226
0.03378,0.11134,1.80226
0.03378,0.11134,1.80226
0.03378,0.11134,1.80226
0.03378,0.11134,1.80226
0.03378,0.11134,1.80226
0.03378,0.11134,1.80226
0.03378,0.11134,1.80226
0.03378,0.11134,1.80226
0.03378,0.11134,1.80226
0.03378,0.11134,1.80226
0.03378,0.11134,1.80226
0.03378,0.11134,1.80226
0.03378,0.11134,1.80226
0.03378,0.11134,1.80226
0.03378,0.11134,1.80226
0.03378,0.11134,1.80226
0.03378,0.11134,1.80226
0.03378,0.11134,1.80226
0.03378,0.11134,1.80226
0.03378,0.11134,1.80226
0.03378,0.11134,1.80226
0.03378,0.11134,1.80226
0.03378,0.11134,1.80226
0.03378,0.11134,1.80226
0.03378,0.11134,1.80226
0.03378,0.11134,1.80226
0.03378,0.11134,1.80226
0.03378,0.11134,1.80226
0.03378,0.11134,1.80226
0.03378,0.11134,1.80226
0.03378,0.11134,1.80226
0.03378,0.11134,1.80226
0.03378,0.11134,1.80226
0.03378,0.11134,1.80226
0.03378,0.11134,1.80226
0.03378,0.11134,1.80226
0.03378,0.11134,1.80226
0.03378,0.11134,1.80226
0.03378,0.11134,1.80226
0.03378,0.11134,1.80226
0.03378,0.11134,1.80226
0.03378,0.11134,1.80226
0.03378,0.11134,1.80226
0.03378,0.11134,1.80226
0.03378,0.11134,1.80226
0.03378,0.11134,1.80226
0.03378,0.11134,1.80226
0.03378,0.11134,1.80226
0.03378,0.11134,1.80226
0.03378,0.11134,1.80226
0.03378,0.11134,1.80226
0.03378,0.11134,1.80226
0.03378,0.11134,1.80226
0.03378,0.11134,1.80226
0.03378,0.11134,1.80226
0.03378,0.11134,1.80226
0.03378,0.11134,1.80226
0.03378,0.11134,1.80226
0.03378,0.11134,1.80226
0.03378,0.11134,1.80226
0.03378,0.11134,1.80226
0.03378,0.11134,1.80226
0.03378,0.11134,1.80226
0.03378,0.11134,1.80226
0.03378,0.11134,1.80226
0.03378,0.11134,1.80226
0.03378,0.11134,1.80226
0.03378,0.11134,1.80226
0.03378,0.11134,1.80226
0.03378,0.11134,1.80226
0.03378,0.11134,1.80226
0.03378,0.11134,1.80226
0.03378,0.11134,1.80226
0.03378,0.11134,1.80226
0.03378,0.11134,1.80226
0.03378,0.11134,1.80226
0.03378,0.11134,1.80226
0.03378,0.11134,1.80226
0.03378,0.11134,1.80226
0.03378,0.11134,1.80226
0.03378,0.11134,1.80226
0.03378,0.11134,1.80226
0.03378,0.11134,1.80226
0.03378,0.11134,1.80226
0.03378,0.11134,1.80226
0.03378,0.11134,1.80226
0.03378,0.11134,1.80226
0.03378,0.11134,1.80226
0.03378,0.11134,1.80226
0.03378,0.11134,1.80226
0.03378,0.11134,1.80226
0.03378,0.11134,1.80226
0.03378,0.11134,1.80226
0.03378,0.11134,1.80226
0.03378,0.11134,1.80226
0.03378,0.11134,1.80226
0.03378,0.11134,1.80226
0.03378,0.11134,1.80226
0.03378,0.11134,1.80226
0.03378,0.11134,1.80226
0.03378,0.11134,1.80226
0.03378,0.11134,1.80226
0.03378,0.11134,1.80226
0.03378,0.11134,1.80226
0.03378,0.11134,1.80226
0.03378,0.11134,1.80226
0.03378,0.11134,1.80226
0.03378,0.11134,1.80226
0.03378,0.11134,1.80226
0.03378,0.11134,1.80226
0.03378,0.11134,1.80226
0.03378,0.11134,1.80226
0.03378,0.11134,1.80226
0.03378,0.11134,1.80226
0.03378,0.11134,1.80226
0.03378,0.11134,1.80226
0.03378,0.11134,1.80226
0.03378,0.11134,1.80226
0.03378,0.11134,1.80226
0.03378,0.11134,1.80226
0.03378,0.11134,1.80226
0.03378,0.11134,1.80226
0.03378,0.11134,1.80226
0.03378,0.11134,1.80226
0.03378,0.11134,1.80226
0.03378,0.11134,1.80226
0.03378,0.11134,1.80226
0.03378,0.11134,1.80226
0.03378,0.11134,1.80226
0.03378,0.11134,1.80226
0.03378,0.11134,1.80226
0.03378,0.11134,1.80226
0.03378,0.11134,1.80226
0.03378,0.11134,1.80226
0.03378,0.11134,1.80226
0.03378,0.11134,1.80226
0.03378,0.11134,1.80226
0.03378,0.11134,1.80226
0.03378,0.11134,1.80226
0.03378,0.11134,1.80226
0.03378,0.11134,1.80226
0.03378,0.11134,1.80226
0.03378,0.11134,1.80226
0.03378,0.11134,1.80226
0.03378,0.11134,1.80226
0.03378,0.11134,1.80226
0.03378,0.11134,1.80226
0.03378,0.11134,1.80226
0.03378,0.11134,1.80226
0.03378,0.11134,1.80226
0.03378,0.11134,1.80226
0.03378,0.11134,1.80226
0.03378,0.11134,1.80226
0.03378,0.11134,1.80226
0.03378,0.11134,1.80226
0.03378,0.11134,1.80226
0.03378,0.11134,1.80226
0.03378,0.11134,1.80226
0.03378,0.11134,1.80226
0.03378,0.11134,1.80226
0.03378,0.11134,1.80226
0.03378,0.11134,1.80226
0.03378,0.11134,1.80226
0.03378,0.11134,1.80226
0.03378,0.11134,1.80226
0.03378,0.11134,1.80226
0.03378,0.11134,1.80226
0.03378,0.11134,1.80226
0.03378,0.11134,1.80226
0.03378,0.11134,1.80226
0.03378,0.11134,1.80226
0.03378,0.11134,1.80226
0.03378,0.11134,1.80226
0.03378,0.11134,1.80226
0.03378,0.11134,1.80226
0.03378,0.11134,1.80226
0.03378,0.11134,1.80226
0.03378,0.11134,1.80226
0.03378,0.11134,1.80226
0.03378,0.11134,1.80226
0.03378,0.11134,1.80226
0.03378,0.11134,1.80226
0.03378,0.11134,1.80226
0.03378,0.11134,1.80226
0.03378,0.11134,1.80226
0.03378,0.11134,1.80226
0.03378,0.11134,1.80226
0.03378,0.11134,1.80226
0.03378,0.11134,1.80226
0.03378,0.11134,1.80226
0.03378,0.11134,1.80226
0.03378,0.11134,1.80226
0.03378,0.11134,1.80226
0.03378,0.11134,1.80226
0.03378,0.11134,1.80226
0.03378,0.11134,1.80226
0.03378,0.11134,1.80226
0.03378,0.11134,1.80226
0.03378,0.11134,1.80226
0.03378,0.11134,1.80226
0.03378,0.11134,1.80226
0.03378,0.11134,1.80226
0.03378,0.11134,1.80226
0.03378,0.11134,1.80226
0.03378,0.11134,1.80226
0.03378,0.11134,1.80226
0.03378,0.11134,1.80226
0.03378,0.11134,1.80226
0.03378,0.11134,1.80226
0.03378,0.11134,1.80226
0.03378,0.11134,1.80226
0.03378,0.11134,1.80226
0.03378,0.11134,1.80226
0.03378,0.11134,1.80226
0.03378,0.11134,1.80226
0.03378,0.11134,1.80226
0.03378,0.11134,1.80226
0.03378,0.11134,1.80226
0.03378,0.11134,1.80226
0.03378,0.11134,1.80226
0.03378,0.11134,1.80226
0.03378,0.11134,1.80226
0.03378,0.11134,1.80226
0.03378,0.11134,1.80226
0.03378,0.11134,1.80226
0.03378,0.11134,1.80226
0.03378,0.11134,1.80226
0.03378,0.11134,1.80226
0.03378,0.11134,1.80226
0.03378,0.11134,1.80226
0.03378,0.11134,1.80226
0.03378,0.11134,1.80226
0.03378,0.11134,1.80226
0.03378,0.11134,1.80226
0.03378,0.11134,1.80226
0.03378,0.11134,1.80226
0.03378,0.11134,1.80226
0.03378,0.11134,1.80226
0.03378,0.11134,1.80226
0.03378,0.11134,1.80226
0.03378,0.11134,1.80226
0.03378,0.11134,1.80226
0.03378,0.11134,1.80226
0.03378,0.11134,1.80226
0.03378,0.11134,1.80226
0.03378,0.11134,1.80226
0.03378,0.11134,1.80226
0.03378,0.11134,1.80226
0.03378,0.11134,1.80226
0.03378,0.11134,1.80226
0.03378,0.11134,1.80226
0.03378,0.11134,1.80226
0.03378,0.11134,1.80226
0.03378,0.11134,1.80226
0.03378,0.11134,1.80226
0.03378,0.11134,1.80226
0.03378,0.11134,1.80226
0.03378,0.11134,1.80226
0.03378,0.11134,1.80226
0.03378,0.11134,1.80226
0.03378,0.11134,1.80226
0.03378,0.11134,1.80226
0.03378,0.11134,1.80226
0.03378,0.11134,1.80226
0.03378,0.11134,1.80226
0.03378,0.11134,1.80226
0.03378,0.11134,1.80226
0.03378,0.11134,1.80226
0.03378,0.11134,1.80226
0.03378,0.11134,1.80226
0.03378,0.11134,1.80226
0.03378,0.11134,1.80226
0.03378,0.11134,1.80226
0.03378,0.11134,1.80226
0.03378,0.11134,1.80226
0.03378,0.11134,1.80226
0.03378,0.11134,1.80226
0.03378,0.11134,1.80226
0.03378,0.11134,1.80226
0.03378,0.11134,1.80226
0.03378,0.11134,1.80226
0.03378,0.11134,1.80226
0.03378,0.11134,1.80226
0.03378,0.11134,1.80226
0.03378,0.11134,1.80226
0.03378,0.11134,1.80226
0.03378,0.11134,1.80226
0.03378,0.11134,1.80226
0.03378,0.11134,1.80226
0.03378,0.11134,1.80226
0.03378,0.11134,1.80226
0.03378,0.11134,1.80226
0.03378,0.11134,1.80226
0.03378,0.11134,1.80226
0.03378,0.11134,1.80226
0.03378,0.11134,1.80226
0.03378,0.11134,1.80226
0.03378,0.11134,1.80226
0.03378,0.11134,1.80226
0.03378,0.11134,1.80226
0.03378,0.11134,1.80226
0.03378,0.11134,1.80226
0.03378,0.11134,1.80226
0.03378,0.11134,1.80226
0.03378,0.11134,1.80226
0.03378,0.11134,1.80226
0.03378,0.11134,1.80226
0.03378,0.11134,1.80226
0.03378,0.11134,1.80226
0.03378,0.11134,1.80226
0.03378,0.11134,1.80226
0.03378,0.11134,1.80226
0.03378,0.11134,1.80226
0.03378,0.11134,1.80226
0.03378,0.11134,1.80226
0.03378,0.11134,1.80226
0.03378,0.11134,1.80226
0.03378,0.11134,1.80226
0.03378,0.11134,1.80226
0.03378,0.11134,1.80226
0.03378,0.11134,1.80226
0.03378,0.11134,1.80226
0.03378,0.11134,1.80226
0.03378,0.11134,1.80226
0.03378,0.11134,1.80226
0.03378,0.11134,1.80226
0.03378,0.11134,1.80226
0.03378,0.11134,1.80226
0.03378,0.11134,1.80226
0.03378,0.11134,1.80226
0.03378,0.11134,1.80226
0.03378,0.11134,1.80226
0.03378,0.11134,1.80226
0.03378,0.11134,1.80226
0.03378,0.11134,1.80226
0.03378,0.11134,1.80226
0.03378,0.11134,1.80226
0.03378,0.11134,1.80226
0.03378,0.11134,1.80226
0.03378,0.11134,1.80226
0.03378,0.11134,1.80226
0.03378,0.11134,1.80226
0.03378,0.11134,1.80226
0.03378,0.11134,1.80226
0.03378,0.11134,1.80226
0.03378,0.11134,1.80226
0.03378,0.11134,1.80226
0.03378,0.11134,1.80226
0.03378,0.11134,1.80226
0.03378,0.11134,1.80226
0.03378,0.11134,1.80226
0.03378,0.11134,1.80226
0.03378,0.11134,1.80226
0.03378,0.11134,1.80226
0.03378,0.11134,1.80226
0.03378,0.11134,1.80226
0.03378,0.11134,1.80226
0.03378,0.11134,1.80226
0.03378,0.11134,1.80226
0.03378,0.11134,1.80226
0.03378,0.11134,1.80226
0.03378,0.11134,1.80226
0.03378,0.11134,1.80226
0.03378,0.11134,1.80226
0.03378,0.11134,1.80226
0.03378,0.11134,1.80226
0.03378,0.11134,1.80226
0.03378,0.11134,1.80226
0.03378,0.11134,1.80226
0.03378,0.11134,1.80226
0.03378,0.11134,1.80226
0.03378,0.11134,1.80226
0.03378,0.11134,1.80226
0.03378,0.11134,1.80226
0.03378,0.11134,1.80226
0.03378,0.11134,1.80226
0.03378,0.11134,1.80226
0.03378,0.11134,1.80226
0.03378,0.11134,1.80226
0.03378,0.11134,1.80226
0.03378,0.11134,1.80226
0.03378,0.11134,1.80226
0.03378,0.11134,1.80226
0.03378,0.11134,1.80226
0.03378,0.11134,1.80226
0.03378,0.11134,1.80226
0.03378,0.11134,1.80226
0.03378,0.11134,1.80226
0.03378,0.11134,1.80226
0.03378,0.11134,1.80226
0.03378,0.11134,1.80226
0.03378,0.11134,1.80226
0.03378,0.11134,1.80226
0.03378,0.11134,1.80226
0.03378,0.11134,1.80226
0.03378,0.11134,1.80226
0.03378,0.11134,1.80226
0.03378,0.11134,1.80226
0.03378,0.11134,1.80226
0.03378,0.11134,1.80226
0.03378,0.11134,1.80226
0.03378,0.11134,1.80226
0.03378,0.11134,1.80226
0.03378,0.11134,1.80226
0.03378,0.11134,1.80226
0.03378,0.11134,1.80226
0.03378,0.11134,1.80226
0.03378,0.11134,1.80226
0.03378,0.11134,1.80226
0.03378,0.11134,1.80226
0.03378,0.11134,1.80226
0.03378,0.11134,1.80226
0.03378,0.11134,1.80226
0.03378,0.11134,1.80226
0.03378,0.11134,1.80226
0.03378,0.11134,1.80226
0.03378,0.11134,1.80226
0.03378,0.11134,1.80226
0.03378,0.11134,1.80226
0.03378,0.11134,1.80226
0.03378,0.11134,1.80226
0.03378,0.11134,1.80226
0.03378,0.11134,1.80226
0.03378,0.11134,1.80226
0.03378,0.11134,1.80226
0.03378,0.11134,1.80226
0.03378,0.11134,1.80226
0.03378,0.11134,1.80226
0.03378,0.11134,1.80226
0.03378,0.11134,1.80226
0.03378,0.11134,1.80226
0.03378,0.11134,1.80226
0.03378,0.11134,1.80226
0.03378,0.11134,1.80226
0.03378,0.11134,1.80226
0.03378,0.11134,1.80226
0.03378,0.11134,1.80226
0.03378,0.11134,1.80226
0.03378,0.11134,1.80226
0.03378,0.11134,1.80226
0.03378,0.11134,1.80226
0.03378,0.11134,1.80226
0.03378,0.11134,1.80226
0.03378,0.11134,1.80226
0.03378,0.11134,1.80226
0.03378,0.11134,1.80226
0.03378,0.11134,1.80226
0.03378,0.11134,1.80226
0.03378,0.11134,1.80226
0.03378,0.11134,1.80226
0.03378,0.11134,1.80226
0.03378,0.11134,1.80226
0.03378,0.11134,1.80226
0.03378,0.11134,1.80226
0.03378,0.11134,1.80226
0.03378,0.11134,1.80226
0.03378,0.11134,1.80226
0.03378,0.11134,1.80226
0.03378,0.11134,1.80226
0.03378,0.11134,1.80226
0.03378,0.11134,1.80226
0.03378,0.11134,1.80226
0.03378,0.11134,1.80226
0.03378,0.11134,1.80226
0.03378,0.11134,1.80226
0.03378,0.11134,1.80226
0.03378,0.11134,1.80226
0.03378,0.11134,1.80226
0.03378,0.11134,1.80226
0.03378,0.11134,1.80226
0.03378,0.11134,1.80226
0.03378,0.11134,1.80226
0.03378,0.11134,1.80226
0.03378,0.11134,1.80226
0.03378,0.11134,1.80226
0.03378,0.11134,1.80226
0.03378,0.11134,1.80226
0.03378,0.11134,1.80226
0.03378,0.11134,1.80226
0.03378,0.11134,1.80226
0.03378,0.11134,1.80226
0.03378,0.11134,1.80226
0.03378,0.11134,1.80226
0.03378,0.11134,1.80226
0.03378,0.11134,1.80226
0.03378,0.11134,1.80226
0.03378,0.11134,1.80226
0.03378,0.11134,1.80226
0.03378,0.11134,1.80226
0.03378,0.11134,1.80226
0.03378,0.11134,1.80226
0.03378,0.11134,1.80226
0.03378,0.11134,1.80226
0.03378,0.11134,1.80226
0.03378,0.11134,1.80226
0.03378,0.11134,1.80226
0.03378,0.11134,1.80226
0.03378,0.11134,1.80226
0.03378,0.11134,1.80226
0.03378,0.11134,1.80226
0.03378,0.11134,1.80226
0.03378,0.11134,1.80226
0.03378,0.11134,1.80226
0.03378,0.11134,1.80226
0.03378,0.11134,1.80226
0.03378,0.11134,1.80226
0.03378,0.11134,1.80226
0.03378,0.11134,1.80226
0.03378,0.11134,1.80226
0.03378,0.11134,1.80226
0.03378,0.11134,1.80226
0.03378,0.11134,1.80226
0.03378,0.11134,1.80226
0.03378,0.11134,1.80226
0.03378,0.11134,1.80226
0.03378,0.11134,1.80226
0.03378,0.11134,1.80226
0.03378,0.11134,1.80226
0.03378,0.11134,1.80226
0.03378,0.11134,1.80226
0.03378,0.11134,1.80226
0.03378,0.11134,1.80226
0.03378,0.11134,1.80226
0.03378,0.11134,1.80226
0.03378,0.11134,1.80226
0.03378,0.11134,1.80226
0.03378,0.11134,1.80226
0.03378,0.11134,1.80226
0.03378,0.11134,1.80226
0.03378,0.11134,1.80226
0.03378,0.11134,1.80226
0.03378,0.11134,1.80226
0.03378,0.11134,1.80226
0.03378,0.11134,1.80226
0.03378,0.11134,1.80226
0.03378,0.11134,1.80226
0.03378,0.11134,1.80226
0.03378,0.11134,1.80226
0.03378,0.11134,1.80226
0.03378,0.11134,1.80226
0.03378,0.11134,1.80226
0.03378,0.11134,1.80226
0.03378,0.11134,1.80226
0.03378,0.11134,1.80226
0.03378,0.11134,1.80226
0.03378,0.11134,1.80226
0.03378,0.11134,1.80226
0.03378,0.11134,1.80226
0.03378,0.11134,1.80226
0.03378,0.11134,1.80226
0.03378,0.11134,1.80226
0.03378,0.11134,1.80226
0.03378,0.11134,1.80226
0.03378,0.11134,1.80226
0.03378,0.11134,1.80226
0.03378,0.11134,1.80226
0.03378,0.11134,1.80226
0.03378,0.11134,1.80226
0.03378,0.11134,1.80226
0.03378,0.11134,1.80226
0.03378,0.11134,1.80226
0.03378,0.11134,1.80226
0.03378,0.11134,1.80226
0.03378,0.11134,1.80226
0.03378,0.11134,1.80226
0.03378,0.11134,1.80226
0.03378,0.11134,1.80226
0.03378,0.11134,1.80226
0.03378,0.11134,1.80226
0.03378,0.11134,1.80226
0.03378,0.11134,1.80226
0.03378,0.11134,1.80226
0.03378,0.11134,1.80226
0.03378,0.11134,1.80226
0.03378,0.11134,1.80226
0.03378,0.11134,1.80226
0.03378,0.11134,1.80226
0.03378,0.11134,1.80226
0.03378,0.11134,1.80226
0.03378,0.11134,1.80226
0.03378,0.11134,1.80226
0.03378,0.11134,1.80226
0.03378,0.11134,1.80226
0.03378,0.11134,1.80226
0.03378,0.11134,1.80226
0.03378,0.11134,1.80226
0.03378,0.11134,1.80226
0.03378,0.11134,1.80226
0.03378,0.11134,1.80226
0.03378,0.11134,1.80226
0.03378,0.11134,1.80226
0.03378,0.11134,1.80226
0.03378,0.11134,1.80226
0.03378,0.11134,1.80226
0.03378,0.11134,1.80226
0.03378,0.11134,1.80226
0.03378,0.11134,1.80226
0.03378,0.11134,1.80226
0.03378,0.11134,1.80226
0.03378,0.11134,1.80226
0.03378,0.11134,1.80226
0.03378,0.11134,1.80226
0.03378,0.11134,1.80226
0.03378,0.11134,1.80226
0.03378,0.11134,1.80226
0.03378,0.11134,1.80226
0.03378,0.11134,1.80226
0.03378,0.11134,1.80226
0.03378,0.11134,1.80226
0.03378,0.11134,1.80226
0.03378,0.11134,1.80226
0.03378,0.11134,1.80226
0.03378,0.11134,1.80226
0.03378,0.11134,1.80226
0.03378,0.11134,1.80226
0.03378,0.11134,1.80226
0.03378,0.11134,1.80226
0.03378,0.11134,1.80226
0.03378,0.11134,1.80226
0.03378,0.11134,1.80226
0.03378,0.11134,1.80226
0.03378,0.11134,1.80226
0.03378,0.11134,1.80226
0.03378,0.11134,1.80226
0.03378,0.11134,1.80226
0.03378,0.11134,1.80226
0.03378,0.11134,1.80226
0.03378,0.11134,1.80226
0.03378,0.11134,1.80226
0.03378,0.11134,1.80226
0.03378,0.11134,1.80226
0.03378,0.11134,1.80226
0.03378,0.11134,1.80226
0.03378,0.11134,1.80226
0.03378,0.11134,1.80226
0.03378,0.11134,1.80226
0.03378,0.11134,1.80226
0.03378,0.11134,1.80226
0.03378,0.11134,1.80226
0.03378,0.11134,1.80226
0.03378,0.11134,1.80226
0.03378,0.11134,1.80226
0.03378,0.11134,1.80226
0.03378,0.11134,1.80226
0.03378,0.11134,1.80226
0.03378,0.11134,1.80226
0.03378,0.11134,1.80226
0.03378,0.11134,1.80226
0.03378,0.11134,1.80226
0.03378,0.11134,1.80226
0.03378,0.11134,1.80226
0.03378,0.11134,1.80226
0.03378,0.11134,1.80226
0.03378,0.11134,1.80226
0.03378,0.11134,1.80226
0.03378,0.11134,1.80226
0.03378,0.11134,1.80226
0.03378,0.11134,1.80226
0.03378,0.11134,1.80226
0.03378,0.11134,1.80226
0.03378,0.11134,1.80226
0.03378,0.11134,1.80226
0.03378,0.11134,1.80226
0.03378,0.11134,1.80226
0.03378,0.11134,1.80226
0.03378,0.11134,1.80226
0.03378,0.11134,1.80226
0.03378,0.11134,1.80226
0.03378,0.11134,1.80226
0.03378,0.11134,1.80226
0.03378,0.11134,1.80226
0.03378,0.11134,1.80226
0.03378,0.11134,1.80226
0.03378,0.11134,1.80226
0.03378,0.11134,1.80226
0.03378,0.11134,1.80226
0.03378,0.11134,1.80226
0.03378,0.11134,1.80226
0.03378,0.11134,1.80226
0.03378,0.11134,1.80226
0.03378,0.11134,1.80226
0.03378,0.11134,1.80226
0.03378,0.11134,1.80226
0.03378,0.11134,1.80226
0.03378,0.11134,1.80226
0.03378,0.11134,1.80226
0.03378,0.11134,1.80226
0.03378,0.11134,1.80226
0.03378,0.11134,1.80226
0.03378,0.11134,1.80226
0.03378,0.11134,1.80226
0.03378,0.11134,1.80226
0.03378,0.11134,1.80226
0.03378,0.11134,1.80226
0.03378,0.11134,1.80226
0.03378,0.11134,1.80226
0.03378,0.11134,1.80226
0.03378,0.11134,1.80226
0.03378,0.11134,1.80226
0.03378,0.11134,1.80226
0.03378,0.11134,1.80226
0.03378,0.11134,1.80226
0.03378,0.11134,1.80226
0.03378,0.11134,1.80226
0.03378,0.11134,1.80226
0.03378,0.11134,1.80226
0.03378,0.11134,1.80226
0.03378,0.11134,1.80226
0.03378,0.11134,1.80226
0.03378,0.11134,1.80226
0.03378,0.11134,1.80226
0.03378,0.11134,1.80226
0.03378,0.11134,1.80226
0.03378,0.11134,1.80226
0.03378,0.11134,1.80226
0.03378,0.11134,1.80226
0.03378,0.11134,1.80226
0.03378,0.11134,1.80226
0.03378,0.11134,1.80226
0.03378,0.11134,1.80226
0.03378,0.11134,1.80226
0.03378,0.11134,1.80226
0.03378,0.11134,1.80226
0.03378,0.11134,1.80226
0.03378,0.11134,1.80226
0.03378,0.11134,1.80226
0.03378,0.11134,1.80226
0.03378,0.11134,1.80226
0.03378,0.11134,1.80226
0.03378,0.11134,1.80226
0.03378,0.11134,1.80226
0.03378,0.11134,1.80226
0.03378,0.11134,1.80226
0.03378,0.11134,1.80226
0.03378,0.11134,1.80226
0.03378,0.11134,1.80226
0.03378,0.11134,1.80226
0.03378,0.11134,1.80226
0.03378,0.11134,1.80226
0.03378,0.11134,1.80226
0.03378,0.11134,1.80226
0.03378,0.11134,1.80226
0.03378,0.11134,1.80226
0.03378,0.11134,1.80226
0.03378,0.11134,1.80226
0.03378,0.11134,1.80226
0.03378,0.11134,1.80226
0.03378,0.11134,1.80226
0.03378,0.11134,1.80226
0.03378,0.11134,1.80226
0.03378,0.11134,1.80226
0.03378,0.11134,1.80226
0.03378,0.11134,1.80226
0.03378,0.11134,1.80226
0.03378,0.11134,1.80226
0.03378,0.11134,1.80226
0.03378,0.11134,1.80226
0.03378,0.11134,1.80226
0.03378,0.11134,1.80226
0.03378,0.11134,1.80226
0.03378,0.11134,1.80226
0.03378,0.11134,1.80226
0.03378,0.11134,1.80226
0.03378,0.11134,1.80226
0.03378,0.11134,1.80226
0.03378,0.11134,1.80226
0.03378,0.11134,1.80226
0.03378,0.11134,1.80226
0.03378,0.11134,1.80226
0.03378,0.11134,1.80226
0.03378,0.11134,1.80226
0.03378,0.11134,1.80226
0.03378,0.11134,1.80226
0.03378,0.11134,1.80226
0.03378,0.11134,1.80226
0.03378,0.11134,1.80226
0.03378,0.11134,1.80226
0.03378,0.11134,1.80226
0.03378,0.11134,1.80226
0.03378,0.11134,1.80226
0.03378,0.11134,1.80226
0.03378,0.11134,1.80226
0.03378,0.11134,1.80226
0.03378,0.11134,1.80226
0.03378,0.11134,1.80226
0.03378,0.11134,1.80226
0.03378,0.11134,1.80226
0.03378,0.11134,1.80226
0.03378,0.11134,1.80226
0.03378,0.11134,1.80226
0.03378,0.11134,1.80226
0.03378,0.11134,1.80226
0.03378,0.11134,1.80226
0.03378,0.11134,1.80226
0.03378,0.11134,1.80226
0.03378,0.11134,1.80226
0.03378,0.11134,1.80226
0.03378,0.11134,1.80226
0.03378,0.11134,1.80226
0.03378,0.11134,1.80226
0.03378,0.11134,1.80226
0.03378,0.11134,1.80226
0.03378,0.11134,1.80226
0.03378,0.11134,1.80226
0.03378,0.11134,1.80226
0.03378,0.11134,1.80226
0.03378,0.11134,1.80226
0.03378,0.11134,1.80226
0.03378,0.11134,1.80226
0.03378,0.11134,1.80226
0.03378,0.11134,1.80226
0.03378,0.11134,1.80226
0.03378,0.11134,1.80226
0.03378,0.11134,1.80226
0.03378,0.11134,1.80226
0.03378,0.11134,1.80226
0.03378,0.11134,1.80226
0.03378,0.11134,1.80226
0.03378,0.11134,1.80226
0.03378,0.11134,1.80226
0.03378,0.11134,1.80226
0.03378,0.11134,1.80226
0.03378,0.11134,1.80226
0.03378,0.11134,1.80226
0.03378,0.11134,1.80226
0.03378,0.11134,1.80226
0.03378,0.11134,1.80226
0.03378,0.11134,1.80226
0.03378,0.11134,1.80226
0.03378,0.11134,1.80226
0.03378,0.11134,1.80226
0.03378,0.11134,1.80226
0.03378,0.11134,1.80226
0.03378,0.11134,1.80226
0.03378,0.11134,1.80226
0.03378,0.11134,1.80226
0.03378,0.11134,1.80226
0.03378,0.11134,1.80226
0.03378,0.11134,1.80226
0.03378,0.11134,1.80226
0.03378,0.11134,1.80226
0.03378,0.11134,1.80226
0.03378,0.11134,1.80226
0.03378,0.11134,1.80226
0.03378,0.11134,1.80226
0.03378,0.11134,1.80226
0.03378,0.11134,1.80226
0.03378,0.11134,1.80226
0.03378,0.11134,1.80226
0.03378,0.11134,1.80226
0.03378,0.11134,1.80226
0.03378,0.11134,1.80226
0.03378,0.11134,1.80226
0.03378,0.11134,1.80226
0.03378,0.11134,1.80226
0.03378,0.11134,1.80226
0.03378,0.11134,1.80226
0.03378,0.11134,1.80226
0.03378,0.11134,1.80226
0.03378,0.11134,1.80226
0.03378,0.11134,1.80226
0.03378,0.11134,1.80226
0.03378,0.11134,1.80226
0.03378,0.11134,1.80226
0.03378,0.11134,1.80226
0.03378,0.11134,1.80226
0.03378,0.11134,1.80226
0.03378,0.11134,1.80226
0.03378,0.11134,1.80226
0.03378,0.11134,1.80226
0.03378,0.11134,1.80226
0.03378,0.11134,1.80226
0.03378,0.11134,1.80226
0.03378,0.11134,1.80226
0.03378,0.11134,1.80226
0.03378,0.11134,1.80226
0.03378,0.11134,1.80226
0.03378,0.11134,1.80226
0.03378,0.11134,1.80226
0.03378,0.11134,1.80226
0.03378,0.11134,1.80226
0.03378,0.11134,1.80226
0.03378,0.11134,1.80226
0.03378,0.11134,1.80226
0.03378,0.11134,1.80226
0.03378,0.11134,1.80226
0.03378,0.11134,1.80226
0.03378,0.11134,1.80226
0.03378,0.11134,1.80226
0.03378,0.11134,1.80226
0.03378,0.11134,1.80226
0.03378,0.11134,1.80226
0.03378,0.11134,1.80226
0.03378,0.11134,1.80226
0.03378,0.11134,1.80226
0.03378,0.11134,1.80226
0.03378,0.11134,1.80226
0.03378,0.11134,1.80226
0.03378,0.11134,1.80226
0.03378,0.11134,1.80226
0.03378,0.11134,1.80226
0.03378,0.11134,1.80226
0.03378,0.11134,1.80226
0.03378,0.11134,1.80226
0.03378,0.11134,1.80226
0.03378,0.11134,1.80226
0.03378,0.11134,1.80226
0.03378,0.11134,1.80226
0.03378,0.11134,1.80226
0.03378,0.11134,1.80226
0.03378,0.11134,1.80226
0.03378,0.11134,1.80226
0.03378,0.11134,1.80226
0.03378,0.11134,1.80226
0.03378,0.11134,1.80226
0.03378,0.11134,1.80226
0.03378,0.11134,1.80226
0.03378,0.11134,1.80226
0.03378,0.11134,1.80226
0.03378,0.11134,1.80226
0.03378,0.11134,1.80226
0.03378,0.11134,1.80226
0.03378,0.11134,1.80226
0.03378,0.11134,1.80226
0.03378,0.11134,1.80226
0.03378,0.11134,1.80226
0.03378,0.11134,1.80226
0.03378,0.11134,1.80226
0.03378,0.11134,1.80226
0.03378,0.11134,1.80226
0.03378,0.11134,1.80226
0.03378,0.11134,1.80226
0.03378,0.11134,1.80226
0.03378,0.11134,1.80226
0.03378,0.11134,1.80226
0.03378,0.11134,1.80226
0.03378,0.11134,1.80226
0.03378,0.11134,1.80226
0.03378,0.11134,1.80226
0.03378,0.11134,1.80226
0.03378,0.11134,1.80226
0.03378,0.11134,1.80226
0.03378,0.11134,1.80226
0.03378,0.11134,1.80226
0.03378,0.11134,1.80226
0.03378,0.11134,1.80226
0.03378,0.11134,1.80226
0.03378,0.11134,1.80226
0.03378,0.11134,1.80226
0.03378,0.11134,1.80226
0.03378,0.11134,1.80226
0.03378,0.11134,1.80226
0.03378,0.11134,1.80226
0.03378,0.11134,1.80226
0.03378,0.11134,1.80226
0.03378,0.11134,1.80226
0.03378,0.11134,1.80226
0.03378,0.11134,1.80226
0.03378,0.11134,1.80226
0.03378,0.11134,1.80226
0.03378,0.11134,1.80226
0.03378,0.11134,1.80226
0.03378,0.11134,1.80226
0.03378,0.11134,1.80226
0.03378,0.11134,1.80226
0.03378,0.11134,1.80226
0.03378,0.11134,1.80226
0.03378,0.11134,1.80226
0.03378,0.11134,1.80226
0.03378,0.11134,1.80226
0.03378,0.11134,1.80226
0.03378,0.11134,1.80226
0.03378,0.11134,1.80226
0.03378,0.11134,1.80226
0.03378,0.11134,1.80226
0.03378,0.11134,1.80226
0.03378,0.11134,1.80226
0.03378,0.11134,1.80226
0.03378,0.11134,1.80226
0.03378,0.11134,1.80226
0.03378,0.11134,1.80226
0.03378,0.11134,1.80226
0.03378,0.11134,1.80226
0.03378,0.11134,1.80226
0.03378,0.11134,1.80226
0.03378,0.11134,1.80226
0.03378,0.11134,1.80226
0.03378,0.11134,1.80226
0.03378,0.11134,1.80226
0.03378,0.11134,1.80226
0.03378,0.11134,1.80226
0.03378,0.11134,1.80226
0.03378,0.11134,1.80226
0.03378,0.11134,1.80226
0.03378,0.11134,1.80226
0.03378,0.11134,1.80226
0.03378,0.11134,1.80226
0.03378,0.11134,1.80226
0.03378,0.11134,1.80226
0.03378,0.11134,1.80226
0.03378,0.11134,1.80226
0.03378,0.11134,1.80226
0.03378,0.11134,1.80226
0.03378,0.11134,1.80226
0.03378,0.11134,1.80226
0.03378,0.11134,1.80226
0.03378,0.11134,1.80226
0.03378,0.11134,1.80226
0.03378,0.11134,1.80226
0.03378,0.11134,1.80226
0.03378,0.11134,1.80226
0.03378,0.11134,1.80226
0.03378,0.11134,1.80226
0.03378,0.11134,1.80226
0.03378,0.11134,1.80226
0.03378,0.11134,1.80226
0.03378,0.11134,1.80226
0.03378,0.11134,1.80226
0.03378,0.11134,1.80226
0.03378,0.11134,1.80226
0.03378,0.11134,1.80226
0.03378,0.11134,1.80226
0.03378,0.11134,1.80226
0.03378,0.11134,1.80226
0.03378,0.11134,1.80226
0.03378,0.11134,1.80226
0.03378,0.11134,1.80226
0.03378,0.11134,1.80226
0.03378,0.11134,1.80226
0.03378,0.11134,1.80226
0.03378,0.11134,1.80226
0.03378,0.11134,1.80226
0.03378,0.11134,1.80226
0.03378,0.11134,1.80226
0.03378,0.11134,1.80226
0.03378,0.11134,1.80226
0.03378,0.11134,1.80226
0.03378,0.11134,1.80226
0.03378,0.11134,1.80226
0.03378,0.11134,1.80226
0.03378,0.11134,1.80226
0.03378,0.11134,1.80226
0.03378,0.11134,1.80226
0.03378,0.11134,1.80226
0.03378,0.11134,1.80226
0.03378,0.11134,1.80226
0.03378,0.11134,1.80226
0.03378,0.11134,1.80226
0.03378,0.11134,1.80226
0.03378,0.11134,1.80226
0.03378,0.11134,1.80226
0.03378,0.11134,1.80226
0.03378,0.11134,1.80226
0.03378,0.11134,1.80226
0.03378,0.11134,1.80226
0.03378,0.11134,1.80226
0.03378,0.11134,1.80226
0.03378,0.11134,1.80226
0.03378,0.11134,1.80226
0.03378,0.11134,1.80226
0.03378,0.11134,1.80226
0.03378,0.11134,1.80226
0.03378,0.11134,1.80226
0.03378,0.11134,1.80226
0.03378,0.11134,1.80226
0.03378,0.11134,1.80226
0.03378,0.11134,1.80226
0.03378,0.11134,1.80226
0.03378,0.11134,1.80226
0.03378,0.11134,1.80226
0.03378,0.11134,1.80226
0.03378,0.11134,1.80226
0.03378,0.11134,1.80226
0.03378,0.11134,1.80226
0.03378,0.11134,1.80226
0.03378,0.11134,1.80226
0.03378,0.11134,1.80226
0.03378,0.11134,1.80226
0.03378,0.11134,1.80226
0.03378,0.11134,1.80226
0.03378,0.11134,1.80226
0.03378,0.11134,1.80226
0.03378,0.11134,1.80226
0.03378,0.11134,1.80226
0.03378,0.11134,1.80226
0.03378,0.11134,1.80226
0.03378,0.11134,1.80226
0.03378,0.11134,1.80226
0.03378,0.11134,1.80226
0.03378,0.11134,1.80226
0.03378,0.11134,1.80226
0.03378,0.11134,1.80226
0.03378,0.11134,1.80226
0.03378,0.11134,1.80226
0.03378,0.11134,1.80226
0.03378,0.11134,1.80226
0.03378,0.11134,1.80226
0.03378,0.11134,1.80226
0.03378,0.11134,1.80226
0.03378,0.11134,1.80226
0.03378,0.11134,1.80226
0.03378,0.11134,1.80226
0.03378,0.11134,1.80226
0.03378,0.11134,1.80226
0.03378,0.11134,1.80226
0.03378,0.11134,1.80226
0.03378,0.11134,1.80226
0.03378,0.11134,1.80226
0.03378,0.11134,1.80226
0.03378,0.11134,1.80226
0.03378,0.11134,1.80226
0.03378,0.11134,1.80226
0.03378,0.11134,1.80226
0.03378,0.11134,1.80226
0.03378,0.11134,1.80226
0.03378,0.11134,1.80226
0.03378,0.11134,1.80226
0.03378,0.11134,1.80226
0.03378,0.11134,1.80226
0.03378,0.11134,1.80226
0.03378,0.11134,1.80226
0.03378,0.11134,1.80226
0.03378,0.11134,1.80226
0.03378,0.11134,1.80226
0.03378,0.11134,1.80226
0.03378,0.11134,1.80226
0.03378,0.11134,1.80226
0.03378,0.11134,1.80226
0.03378,0.11134,1.80226
0.03378,0.11134,1.80226
0.03378,0.11134,1.80226
0.03378,0.11134,1.80226
0.03378,0.11134,1.80226
0.03378,0.11134,1.80226
0.03378,0.11134,1.80226
0.03378,0.11134,1.80226
0.03378,0.11134,1.80226
0.03378,0.11134,1.80226
0.03378,0.11134,1.80226
0.03378,0.11134,1.80226
0.03378,0.11134,1.80226
0.03378,0.11134,1.80226
0.03378,0.11134,1.80226
0.03378,0.11134,1.80226
0.03378,0.11134,1.80226
0.03378,0.11134,1.80226
0.03378,0.11134,1.80226
0.03378,0.11134,1.80226
0.03378,0.11134,1.80226
0.03378,0.11134,1.80226
0.03378,0.11134,1.80226
0.03378,0.11134,1.80226
0.03378,0.11134,1.80226
0.03378,0.11134,1.80226
0.03378,0.11134,1.80226
0.03378,0.11134,1.80226
0.03378,0.11134,1.80226
0.03378,0.11134,1.80226
0.03378,0.11134,1.80226
0.03378,0.11134,1.80226
0.03378,0.11134,1.80226
0.03378,0.11134,1.80226
0.03378,0.11134,1.80226
0.03378,0.11134,1.80226
0.03378,0.11134,1.80226
0.03378,0.11134,1.80226
0.03378,0.11134,1.80226
0.03378,0.11134,1.80226
0.03378,0.11134,1.80226
0.03378,0.11134,1.80226
0.03378,0.11134,1.80226
0.03378,0.11134,1.80226
0.03378,0.11134,1.80226
0.03378,0.11134,1.80226
0.03378,0.11134,1.80226
0.03378,0.11134,1.80226
0.03378,0.11134,1.80226
0.03378,0.11134,1.80226
0.03378,0.11134,1.80226
0.03378,0.11134,1.80226
0.03378,0.11134,1.80226
0.03378,0.11134,1.80226
0.03378,0.11134,1.80226
0.03378,0.11134,1.80226
0.03378,0.11134,1.80226
0.03378,0.11134,1.80226
0.03378,0.11134,1.80226
0.03378,0.11134,1.80226
0.03378,0.11134,1.80226
0.03378,0.11134,1.80226
0.03378,0.11134,1.80226
0.03378,0.11134,1.80226
0.03378,0.11134,1.80226
0.03378,0.11134,1.80226
0.03378,0.11134,1.80226
0.03378,0.11134,1.80226
0.03378,0.11134,1.80226
0.03378,0.11134,1.80226
0.03378,0.11134,1.80226
0.03378,0.11134,1.80226
0.03378,0.11134,1.80226
0.03378,0.11134,1.80226
0.03378,0.11134,1.80226
0.03378,0.11134,1.80226
0.03378,0.11134,1.80226
0.03378,0.11134,1.80226
0.03378,0.11134,1.80226
0.03378,0.11134,1.80226
0.03378,0.11134,1.80226
0.03378,0.11134,1.80226
0.03378,0.11134,1.80226
0.03378,0.11134,1.80226
0.03378,0.11134,1.80226
0.03378,0.11134,1.80226
0.03378,0.11134,1.80226
0.03378,0.11134,1.80226
0.03378,0.11134,1.80226
0.03378,0.11134,1.80226
0.03378,0.11134,1.80226
0.03378,0.11134,1.80226
0.03378,0.11134,1.80226
0.03378,0.11134,1.80226
0.03378,0.11134,1.80226
0.03378,0.11134,1.80226
0.03378,0.11134,1.80226
0.03378,0.11134,1.80226
0.03378,0.11134,1.80226
0.03378,0.11134,1.80226
0.03378,0.11134,1.80226
0.03378,0.11134,1.80226
0.03378,0.11134,1.80226
0.03378,0.11134,1.80226
0.03378,0.11134,1.80226
0.03378,0.11134,1.80226
0.03378,0.11134,1.80226
0.03378,0.11134,1.80226
0.03378,0.11134,1.80226
0.03378,0.11134,1.80226
0.03378,0.11134,1.80226
0.03378,0.11134,1.80226
0.03378,0.11134,1.80226
0.03378,0.11134,1.80226
0.03378,0.11134,1.80226
0.03378,0.11134,1.80226
0.03378,0.11134,1.80226
0.03378,0.11134,1.80226
0.03378,0.11134,1.80226
0.03378,0.11134,1.80226
0.03378,0.11134,1.80226
0.03378,0.11134,1.80226
0.03378,0.11134,1.80226
0.03378,0.11134,1.80226
0.03378,0.11134,1.80226
0.03378,0.11134,1.80226
0.03378,0.11134,1.80226
0.03378,0.11134,1.80226
0.03378,0.11134,1.80226
0.03378,0.11134,1.80226
0.03378,0.11134,1.80226
0.03378,0.11134,1.80226
0.03378,0.11134,1.80226
0.03378,0.11134,1.80226
0.03378,0.11134,1.80226
0.03378,0.11134,1.80226
0.03378,0.11134,1.80226
0.03378,0.11134,1.80226
0.03378,0.11134,1.80226
0.03378,0.11134,1.80226
0.03378,0.11134,1.80226
0.03378,0.11134,1.80226
0.03378,0.11134,1.80226
0.03378,0.11134,1.80226
0.03378,0.11134,1.80226
0.03378,0.11134,1.80226
0.03378,0.11134,1.80226
0.03378,0.11134,1.80226
0.03378,0.11134,1.80226
0.03378,0.11134,1.80226
0.03378,0.11134,1.80226
0.03378,0.11134,1.80226
0.03378,0.11134,1.80226
0.03378,0.11134,1.80226
0.03378,0.11134,1.80226
0.03378,0.11134,1.80226
0.03378,0.11134,1.80226
0.03378,0.11134,1.80226
0.03378,0.11134,1.80226
0.03378,0.11134,1.80226
0.03378,0.11134,1.80226
0.03378,0.11134,1.80226
0.03378,0.11134,1.80226
0.03378,0.11134,1.80226
0.03378,0.11134,1.80226
0.03378,0.11134,1.80226
0.03378,0.11134,1.80226
0.03378,0.11134,1.80226
0.03378,0.11134,1.80226
0.03378,0.11134,1.80226
0.03378,0.11134,1.80226
0.03378,0.11134,1.80226
0.03378,0.11134,1.80226
0.03378,0.11134,1.80226
0.03378,0.11134,1.80226
0.03378,0.11134,1.80226
0.03378,0.11134,1.80226
0.03378,0.11134,1.80226
0.03378,0.11134,1.80226
0.03378,0.11134,1.80226
0.03378,0.11134,1.80226
0.03378,0.11134,1.80226
0.03378,0.11134,1.80226
0.03378,0.11134,1.80226
0.03378,0.11134,1.80226
0.03378,0.11134,1.80226
0.03378,0.11134,1.80226
0.03378,0.11134,1.80226
0.03378,0.11134,1.80226
0.03378,0.11134,1.80226
0.03378,0.11134,1.80226
0.03378,0.11134,1.80226
0.03378,0.11134,1.80226
0.03378,0.11134,1.80226
0.03378,0.11134,1.80226
0.03378,0.11134,1.80226
0.03378,0.11134,1.80226
0.03378,0.11134,1.80226
0.03378,0.11134,1.80226
0.03378,0.11134,1.80226
0.03378,0.11134,1.80226
0.03378,0.11134,1.80226
0.03378,0.11134,1.80226
0.03378,0.11134,1.80226
0.03378,0.11134,1.80226
0.03378,0.11134,1.80226
0.03378,0.11134,1.80226
0.03378,0.11134,1.80226
0.03378,0.11134,1.80226
0.03378,0.11134,1.80226
0.03378,0.11134,1.80226
0.03378,0.11134,1.80226
0.03378,0.11134,1.80226
0.03378,0.11134,1.80226
0.03378,0.11134,1.80226
0.03378,0.11134,1.80226
0.03378,0.11134,1.80226
0.03378,0.11134,1.80226
0.03378,0.11134,1.80226
0.03378,0.11134,1.80226
0.03378,0.11134,1.80226
0.03378,0.11134,1.80226
0.03378,0.11134,1.80226
0.03378,0.11134,1.80226
0.03378,0.11134,1.80226
0.03378,0.11134,1.80226
0.03378,0.11134,1.80226
0.03378,0.11134,1.80226
0.03378,0.11134,1.80226
0.03378,0.11134,1.80226
0.03378,0.11134,1.80226
0.03378,0.11134,1.80226
0.03378,0.11134,1.80226
0.03378,0.11134,1.80226
0.03378,0.11134,1.80226
0.03378,0.11134,1.80226
0.03378,0.11134,1.80226
0.03378,0.11134,1.80226
0.03378,0.11134,1.80226
0.03378,0.11134,1.80226
0.03378,0.11134,1.80226
0.03378,0.11134,1.80226
0.03378,0.11134,1.80226
0.03378,0.11134,1.80226
0.03378,0.11134,1.80226
0.03378,0.11134,1.80226
0.03378,0.11134,1.80226
0.03378,0.11134,1.80226
0.03378,0.11134,1.80226
0.03378,0.11134,1.80226
0.03378,0.11134,1.80226
0.03378,0.11134,1.80226
0.03378,0.11134,1.80226
0.03378,0.11134,1.80226
0.03378,0.11134,1.80226
0.03378,0.11134,1.80226
0.03378,0.11134,1.80226
0.03378,0.11134,1.80226
0.03378,0.11134,1.80226
0.03378,0.11134,1.80226
0.03378,0.11134,1.80226
0.03378,0.11134,1.80226
0.03378,0.11134,1.80226
0.03378,0.11134,1.80226
0.03378,0.11134,1.80226
0.03378,0.11134,1.80226
0.03378,0.11134,1.80226
0.03378,0.11134,1.80226
0.03378,0.11134,1.80226
0.03378,0.11134,1.80226
0.03378,0.11134,1.80226
0.03378,0.11134,1.80226
0.03378,0.11134,1.80226
0.03378,0.11134,1.80226
0.03378,0.11134,1.80226
0.03378,0.11134,1.80226
0.03378,0.11134,1.80226
0.03378,0.11134,1.80226
0.03378,0.11134,1.80226
0.03378,0.11134,1.80226
0.03378,0.11134,1.80226
0.03378,0.11134,1.80226
0.03378,0.11134,1.80226
0.03378,0.11134,1.80226
0.03378,0.11134,1.80226
0.03378,0.11134,1.80226
0.03378,0.11134,1.80226
0.03378,0.11134,1.80226
0.03378,0.11134,1.80226
0.03378,0.11134,1.80226
0.03378,0.11134,1.80226
0.03378,0.11134,1.80226
0.03378,0.11134,1.80226
0.03378,0.11134,1.80226
0.03378,0.11134,1.80226
0.03378,0.11134,1.80226
0.03378,0.11134,1.80226
0.03378,0.11134,1.80226
0.03378,0.11134,1.80226
0.03378,0.11134,1.80226
0.03378,0.11134,1.80226
0.03378,0.11134,1.80226
0.03378,0.11134,1.80226
0.03378,0.11134,1.80226
0.03378,0.11134,1.80226
0.03378,0.11134,1.80226
0.03378,0.11134,1.80226
0.03378,0.11134,1.80226
0.03378,0.11134,1.80226
0.03378,0.11134,1.80226
0.03378,0.11134,1.80226
0.03378,0.11134,1.80226
0.03378,0.11134,1.80226
0.03378,0.11134,1.80226
0.03378,0.11134,1.80226
0.03378,0.11134,1.80226
0.03378,0.11134,1.80226
0.03378,0.11134,1.80226
0.03378,0.11134,1.80226
0.03378,0.11134,1.80226
0.03378,0.11134,1.80226
0.03378,0.11134,1.80226
0.03378,0.11134,1.80226
0.03378,0.11134,1.80226
0.03378,0.11134,1.80226
0.03378,0.11134,1.80226
0.03378,0.11134,1.80226
0.03378,0.11134,1.80226
0.03378,0.11134,1.80226
0.03378,0.11134,1.80226
0.03378,0.11134,1.80226
0.03378,0.11134,1.80226
0.03378,0.11134,1.80226
0.03378,0.11134,1.80226
0.03378,0.11134,1.80226
0.03378,0.11134,1.80226
0.03378,0.11134,1.80226
0.03378,0.11134,1.80226
0.03378,0.11134,1.80226
0.03378,0.11134,1.80226
0.03378,0.11134,1.80226
0.03378,0.11134,1.80226
0.03378,0.11134,1.80226
0.03378,0.11134,1.80226
0.03378,0.11134,1.80226
0.03378,0.11134,1.80226
0.03378,0.11134,1.80226
0.03378,0.11134,1.80226
0.03378,0.11134,1.80226
0.03378,0.11134,1.80226
0.03378,0.11134,1.80226
0.03378,0.11134,1.80226
0.03378,0.11134,1.80226
0.03378,0.11134,1.80226
0.03378,0.11134,1.80226
0.03378,0.11134,1.80226
0.03378,0.11134,1.80226
0.03378,0.11134,1.80226
0.03378,0.11134,1.80226
0.03378,0.11134,1.80226
0.03378,0.11134,1.80226
0.03378,0.11134,1.80226
0.03378,0.11134,1.80226
0.03378,0.11134,1.80226
0.03378,0.11134,1.80226
0.03378,0.11134,1.80226
0.03378,0.11134,1.80226
0.03378,0.11134,1.80226
0.03378,0.11134,1.80226
0.03378,0.11134,1.80226
0.03378,0.11134,1.80226
0.03378,0.11134,1.80226
0.03378,0.11134,1.80226
0.03378,0.11134,1.80226
0.03378,0.11134,1.80226
0.03378,0.11134,1.80226
0.03378,0.11134,1.80226
0.03378,0.11134,1.80226
0.03378,0.11134,1.80226
0.03378,0.11134,1.80226
0.03378,0.11134,1.80226
0.03378,0.11134,1.80226
0.03378,0.11134,1.80226
0.03378,0.11134,1.80226
0.03378,0.11134,1.80226
0.03378,0.11134,1.80226
0.03378,0.11134,1.80226
0.03378,0.11134,1.80226
0.03378,0.11134,1.80226
0.03378,0.11134,1.80226
0.03378,0.11134,1.80226
0.03378,0.11134,1.80226
0.03378,0.11134,1.80226
0.03378,0.11134,1.80226
0.03378,0.11134,1.80226
0.03378,0.11134,1.80226
0.03378,0.11134,1.80226
0.03378,0.11134,1.80226
0.03378,0.11134,1.80226
0.03378,0.11134,1.80226
0.03378,0.11134,1.80226
0.03378,0.11134,1.80226
0.03378,0.11134,1.80226
0.03378,0.11134,1.80226
0.03378,0.11134,1.80226
0.03378,0.11134,1.80226
0.03378,0.11134,1.80226
0.03378,0.11134,1.80226
0.03378,0.11134,1.80226
0.03378,0.11134,1.80226
0.03378,0.11134,1.80226
0.03378,0.11134,1.80226
0.03378,0.11134,1.80226
0.03378,0.11134,1.80226
0.03378,0.11134,1.80226
0.03378,0.11134,1.80226
0.03378,0.11134,1.80226
0.03378,0.11134,1.80226
0.03378,0.11134,1.80226
0.03378,0.11134,1.80226
0.03378,0.11134,1.80226
0.03378,0.11134,1.80226
0.03378,0.11134,1.80226
0.03378,0.11134,1.80226
0.03378,0.11134,1.80226
0.03378,0.11134,1.80226
0.03378,0.11134,1.80226
0.03378,0.11134,1.80226
0.03378,0.11134,1.80226
0.03378,0.11134,1.80226
0.03378,0.11134,1.80226
0.03378,0.11134,1.80226
0.03378,0.11134,1.80226
0.03378,0.11134,1.80226
0.03378,0.11134,1.80226
0.03378,0.11134,1.80226
0.03378,0.11134,1.80226
0.03378,0.11134,1.80226
0.03378,0.11134,1.80226
0.03378,0.11134,1.80226
0.03378,0.11134,1.80226
0.03378,0.11134,1.80226
0.03378,0.11134,1.80226
0.03378,0.11134,1.80226
0.03378,0.11134,1.80226
0.03378,0.11134,1.80226
0.03378,0.11134,1.80226
0.03378,0.11134,1.80226
0.03378,0.11134,1.80226
0.03378,0.11134,1.80226
0.03378,0.11134,1.80226
0.03378,0.11134,1.80226
0.03378,0.11134,1.80226
0.03378,0.11134,1.80226
0.03378,0.11134,1.80226
0.03378,0.11134,1.80226
0.03378,0.11134,1.80226
0.03378,0.11134,1.80226
0.03378,0.11134,1.80226
0.03378,0.11134,1.80226
0.03378,0.11134,1.80226
0.03378,0.11134,1.80226
0.03378,0.11134,1.80226
0.03378,0.11134,1.80226
0.03378,0.11134,1.80226
0.03378,0.11134,1.80226
0.03378,0.11134,1.80226
0.03378,0.11134,1.80226
0.03378,0.11134,1.80226
0.03378,0.11134,1.80226
0.03378,0.11134,1.80226
0.03378,0.11134,1.80226
0.03378,0.11134,1.80226
0.03378,0.11134,1.80226
0.03378,0.11134,1.80226
0.03378,0.11134,1.80226
0.03378,0.11134,1.80226
0.03378,0.11134,1.80226
0.03378,0.11134,1.80226
0.03378,0.11134,1.80226
0.03378,0.11134,1.80226
0.03378,0.11134,1.80226
0.03378,0.11134,1.80226
0.03378,0.11134,1.80226
0.03378,0.11134,1.80226
0.03378,0.11134,1.80226
0.03378,0.11134,1.80226
0.03378,0.11134,1.80226
0.03378,0.11134,1.80226
0.03378,0.11134,1.80226
0.03378,0.11134,1.80226
0.03378,0.11134,1.80226
0.03378,0.11134,1.80226
0.03378,0.11134,1.80226
0.03378,0.11134,1.80226
0.03378,0.11134,1.80226
0.03378,0.11134,1.80226
0.03378,0.11134,1.80226
0.03378,0.11134,1.80226
0.03378,0.11134,1.80226
0.03378,0.11134,1.80226
0.03378,0.11134,1.80226
0.03378,0.11134,1.80226
0.03378,0.11134,1.80226
0.03378,0.11134,1.80226
0.03378,0.11134,1.80226
0.03378,0.11134,1.80226
0.03378,0.11134,1.80226
0.03378,0.11134,1.80226
0.03378,0.11134,1.80226
0.03378,0.11134,1.80226
0.03378,0.11134,1.80226
0.03378,0.11134,1.80226
0.03378,0.11134,1.80226
0.03378,0.11134,1.80226
0.03378,0.11134,1.80226
0.03378,0.11134,1.80226
0.03378,0.11134,1.80226
0.03378,0.11134,1.80226
0.03378,0.11134,1.80226
0.03378,0.11134,1.80226
0.03378,0.11134,1.80226
0.03378,0.11134,1.80226
0.03378,0.11134,1.80226
0.03378,0.11134,1.80226
0.03378,0.11134,1.80226
0.03378,0.11134,1.80226
0.03378,0.11134,1.80226
0.03378,0.11134,1.80226
0.03378,0.11134,1.80226
0.03378,0.11134,1.80226
0.03378,0.11134,1.80226
0.03378,0.11134,1.80226
0.03378,0.11134,1.80226
0.03378,0.11134,1.80226
0.03378,0.11134,1.80226
0.03378,0.11134,1.80226
0.03378,0.11134,1.80226
0.03378,0.11134,1.80226
0.03378,0.11134,1.80226
0.03378,0.11134,1.80226
0.03378,0.11134,1.80226
0.03378,0.11134,1.80226
0.03378,0.11134,1.80226
0.03378,0.11134,1.80226
0.03378,0.11134,1.80226
0.03378,0.11134,1.80226
0.03378,0.11134,1.80226
0.03378,0.11134,1.80226
0.03378,0.11134,1.80226
0.03378,0.11134,1.80226
0.03378,0.11134,1.80226
0.03378,0.11134,1.80226
0.03378,0.11134,1.80226
0.03378,0.11134,1.80226
0.03378,0.11134,1.80226
0.03378,0.11134,1.80226
0.03378,0.11134,1.80226
0.03378,0.11134,1.80226
0.03378,0.11134,1.80226
0.03378,0.11134,1.80226
0.03378,0.11134,1.80226
0.03378,0.11134,1.80226
0.03378,0.11134,1.80226
0.03378,0.11134,1.80226
0.03378,0.11134,1.80226
0.03378,0.11134,1.80226
0.03378,0.11134,1.80226
0.03378,0.11134,1.80226
0.03378,0.11134,1.80226
0.03378,0.11134,1.80226
0.03378,0.11134,1.80226
0.03378,0.11134,1.80226
0.03378,0.11134,1.80226
0.03378,0.11134,1.80226
0.03378,0.11134,1.80226
0.03378,0.11134,1.80226
0.03378,0.11134,1.80226
0.03378,0.11134,1.80226
0.03378,0.11134,1.80226
0.03378,0.11134,1.80226
0.03378,0.11134,1.80226
0.03378,0.11134,1.80226
0.03378,0.11134,1.80226
0.03378,0.11134,1.80226
0.03378,0.11134,1.80226
0.03378,0.11134,1.80226
0.03378,0.11134,1.80226
0.03378,0.11134,1.80226
0.03378,0.11134,1.80226
0.03378,0.11134,1.80226
0.03378,0.11134,1.80226
0.03378,0.11134,1.80226
0.03378,0.11134,1.80226
0.03378,0.11134,1.80226
0.03378,0.11134,1.80226
0.03378,0.11134,1.80226
0.03378,0.11134,1.80226
0.03378,0.11134,1.80226
0.03378,0.11134,1.80226
0.03378,0.11134,1.80226
0.03378,0.11134,1.80226
0.03378,0.11134,1.80226
0.03378,0.11134,1.80226
0.03378,0.11134,1.80226
0.03378,0.11134,1.80226
0.03378,0.11134,1.80226
0.03378,0.11134,1.80226
0.03378,0.11134,1.80226
0.03378,0.11134,1.80226
0.03378,0.11134,1.80226
0.03378,0.11134,1.80226
0.03378,0.11134,1.80226
0.03378,0.11134,1.80226
0.03378,0.11134,1.80226
0.03378,0.11134,1.80226
0.03378,0.11134,1.80226
0.03378,0.11134,1.80226
0.03378,0.11134,1.80226
0.03378,0.11134,1.80226
0.03378,0.11134,1.80226
0.03378,0.11134,1.80226
0.03378,0.11134,1.80226
0.03378,0.11134,1.80226
0.03378,0.11134,1.80226
0.03378,0.11134,1.80226
0.03378,0.11134,1.80226
0.03378,0.11134,1.80226
0.03378,0.11134,1.80226
0.03378,0.11134,1.80226
0.03378,0.11134,1.80226
0.03378,0.11134,1.80226
0.03378,0.11134,1.80226
0.03378,0.11134,1.80226
0.03378,0.11134,1.80226
0.03378,0.11134,1.80226
0.03378,0.11134,1.80226
0.03378,0.11134,1.80226
0.03378,0.11134,1.80226
0.03378,0.11134,1.80226
0.03378,0.11134,1.80226
0.03378,0.11134,1.80226
0.03378,0.11134,1.80226
0.03378,0.11134,1.80226
0.03378,0.11134,1.80226
0.03378,0.11134,1.80226
0.03378,0.11134,1.80226
0.03378,0.11134,1.80226
0.03378,0.11134,1.80226
0.03378,0.11134,1.80226
0.03378,0.11134,1.80226
0.03378,0.11134,1.80226
0.03378,0.11134,1.80226
0.03378,0.11134,1.80226
0.03378,0.11134,1.80226
0.03378,0.11134,1.80226
0.03378,0.11134,1.80226
0.03378,0.11134,1.80226
0.03378,0.11134,1.80226
0.03378,0.11134,1.80226
0.03378,0.11134,1.80226
0.03378,0.11134,1.80226
0.03378,0.11134,1.80226
0.03378,0.11134,1.80226
0.03378,0.11134,1.80226
0.03378,0.11134,1.80226
0.03378,0.11134,1.80226
0.03378,0.11134,1.80226
0.03378,0.11134,1.80226
0.03378,0.11134,1.80226
0.03378,0.11134,1.80226
0.03378,0.11134,1.80226
0.03378,0.11134,1.80226
0.03378,0.11134,1.80226
0.03378,0.11134,1.80226
0.03378,0.11134,1.80226
0.03378,0.11134,1.80226
0.03378,0.11134,1.80226
0.03378,0.11134,1.80226
0.03378,0.11134,1.80226
0.03378,0.11134,1.80226
0.03378,0.11134,1.80226
0.03378,0.11134,1.80226
0.03378,0.11134,1.80226
0.03378,0.11134,1.80226
0.03378,0.11134,1.80226
0.03378,0.11134,1.80226
0.03378,0.11134,1.80226
0.03378,0.11134,1.80226
0.03378,0.11134,1.80226
0.03378,0.11134,1.80226
0.03378,0.11134,1.80226
0.03378,0.11134,1.80226
0.03378,0.11134,1.80226
0.03378,0.11134,1.80226
0.03378,0.11134,1.80226
0.03378,0.11134,1.80226
0.03378,0.11134,1.80226
0.03378,0.11134,1.80226
0.03378,0.11134,1.80226
0.03378,0.11134,1.80226
0.03378,0.11134,1.80226
0.03378,0.11134,1.80226
0.03378,0.11134,1.80226
0.03378,0.11134,1.80226
0.03378,0.11134,1.80226
0.03378,0.11134,1.80226
0.03378,0.11134,1.80226
0.03378,0.11134,1.80226
0.03378,0.11134,1.80226
0.03378,0.11134,1.80226
0.03378,0.11134,1.80226
0.03378,0.11134,1.80226
0.03378,0.11134,1.80226
0.03378,0.11134,1.80226
0.03378,0.11134,1.80226
0.03378,0.11134,1.80226
0.03378,0.11134,1.80226
0.03378,0.11134,1.80226
0.03378,0.11134,1.80226
0.03378,0.11134,1.80226
0.03378,0.11134,1.80226
0.03378,0.11134,1.80226
0.03378,0.11134,1.80226
0.03378,0.11134,1.80226
0.03378,0.11134,1.80226
0.03378,0.11134,1.80226
0.03378,0.11134,1.80226
0.03378,0.11134,1.80226
0.03378,0.11134,1.80226
0.03378,0.11134,1.80226
0.03378,0.11134,1.80226
0.03378,0.11134,1.80226
0.03378,0.11134,1.80226
0.03378,0.11134,1.80226
0.03378,0.11134,1.80226
0.03378,0.11134,1.80226
0.03378,0.11134,1.80226
0.03378,0.11134,1.80226
0.03378,0.11134,1.80226
0.03378,0.11134,1.80226
0.03378,0.11134,1.80226
0.03378,0.11134,1.80226
0.03378,0.11134,1.80226
0.03378,0.11134,1.80226
0.03378,0.11134,1.80226
0.03378,0.11134,1.80226
0.03378,0.11134,1.80226
0.03378,0.11134,1.80226
0.03378,0.11134,1.80226
0.03378,0.11134,1.80226
0.03378,0.11134,1.80226
0.03378,0.11134,1.80226
0.03378,0.11134,1.80226
0.03378,0.11134,1.80226
0.03378,0.11134,1.80226
0.03378,0.11134,1.80226
0.03378,0.11134,1.80226
0.03378,0.11134,1.80226
0.03378,0.11134,1.80226
0.03378,0.11134,1.80226
0.03378,0.11134,1.80226
0.03378,0.11134,1.83574
0.03378,0.11134,1.83574
0.03378,0.11134,1.83574
0.03378,0.11134,1.83574
0.03378,0.11134,1.83574
0.03378,0.11134,1.83574
0.03378,0.11134,1.83574
0.03378,0.11134,1.83574
0.03378,0.11134,1.83574
0.03378,0.11134,1.83574
0.03378,0.11134,1.83574
0.03378,0.11134,1.83574
0.03378,0.11134,1.83574
0.03378,0.11134,1.83574
0.03378,0.11134,1.83574
0.03378,0.11134,1.83574
0.03378,0.11134,1.83574
0.03378,0.11134,1.83574
0.03378,0.11134,1.83574
0.03378,0.11134,1.83574
0.03378,0.11134,1.83574
0.03378,0.11134,1.83574
0.03378,0.11134,1.83574
0.03378,0.11134,1.83574
0.03378,0.11134,1.83574
0.03378,0.11134,1.83574
0.03378,0.11134,1.83574
0.03378,0.11134,1.83574
0.03378,0.11134,1.83574
0.03378,0.11134,1.83574
0.03378,0.11134,1.83574
0.03378,0.11134,1.83574
0.03378,0.11134,1.83574
0.03378,0.11134,1.83574
0.03378,0.11134,1.83574
0.03378,0.11134,1.83574
0.03378,0.11134,1.83574
0.03378,0.11134,1.83574
0.03378,0.11134,1.83574
0.03378,0.11134,1.83574
0.03378,0.11134,1.83574
0.03378,0.11134,1.83574
0.03378,0.11134,1.83574
0.03378,0.11134,1.83574
0.03378,0.11134,1.83574
0.03378,0.11134,1.83574
0.03378,0.11134,1.83574
0.03378,0.11134,1.83574
0.03378,0.11134,1.83574
0.03378,0.11134,1.83574
0.03378,0.11134,1.83574
0.03378,0.11134,1.83574
0.03378,0.11134,1.83574
0.03378,0.11134,1.83574
0.03378,0.11134,1.83574
0.03378,0.11134,1.83574
0.03378,0.11134,1.83574
0.03378,0.11134,1.83574
0.03378,0.11134,1.83574
0.03378,0.11134,1.83574
0.03378,0.11134,1.83574
0.03378,0.11134,1.83574
0.03378,0.11134,1.83574
0.03378,0.11134,1.83574
0.03378,0.11134,1.83574
0.03378,0.11134,1.83574
0.03378,0.11134,1.83574
0.03378,0.11134,1.83574
0.03378,0.11134,1.83574
0.03378,0.11134,1.83574
0.03378,0.11134,1.83574
0.03378,0.11134,1.83574
0.03378,0.11134,1.83574
0.03378,0.11134,1.83574
0.03378,0.11134,1.83574
0.03378,0.11134,1.83574
0.03378,0.11134,1.83574
0.03378,0.11134,1.83574
0.03378,0.11134,1.83574
0.03378,0.11134,1.83574
0.03378,0.11134,1.83574
0.03378,0.11134,1.83574
0.03378,0.11134,1.83574
0.03378,0.11134,1.83574
0.03378,0.11134,1.83574
0.03378,0.11134,1.83574
0.03378,0.11134,1.83574
0.03378,0.11134,1.83574
0.03378,0.11134,1.83574
0.03378,0.11134,1.83574
0.03378,0.11134,1.83574
0.03378,0.11134,1.83574
0.03378,0.11134,1.83574
0.03378,0.11134,1.83574
0.03378,0.11134,1.83574
0.03378,0.11134,1.83574
0.03378,0.11134,1.83574
0.03378,0.11134,1.83574
0.03378,0.11134,1.83574
0.03378,0.11134,1.83574
0.03378,0.11134,1.83574
0.03378,0.11134,1.83574
0.03378,0.11134,1.83574
0.03378,0.11134,1.83574
0.03378,0.11134,1.83574
0.03378,0.11134,1.83574
0.03378,0.11134,1.83574
0.03378,0.11134,1.83574
0.03378,0.11134,1.83574
0.03378,0.11134,1.83574
0.03378,0.11134,1.83574
0.03378,0.11134,1.83574
0.03378,0.11134,1.83574
0.03378,0.11134,1.83574
0.03378,0.11134,1.83574
0.03378,0.11134,1.83574
0.03378,0.11134,1.83574
0.03378,0.11134,1.83574
0.03378,0.11134,1.83574
0.03378,0.11134,1.83574
0.03378,0.11134,1.83574
0.03378,0.11134,1.83574
0.03378,0.11134,1.83574
0.03378,0.11134,1.83574
0.03378,0.11134,1.83574
0.03378,0.11134,1.83574
0.03378,0.11134,1.83574
0.03378,0.11134,1.83574
0.03378,0.11134,1.83574
0.03378,0.11134,1.83574
0.03378,0.11134,1.83574
0.03378,0.11134,1.83574
0.03378,0.11134,1.83574
0.03378,0.11134,1.83574
0.03378,0.11134,1.83574
0.03378,0.11134,1.83574
0.03378,0.11134,1.83574
0.03378,0.11134,1.83574
0.03378,0.11134,1.83574
0.03378,0.11134,1.83574
0.03378,0.11134,1.83574
0.03378,0.11134,1.83574
0.03378,0.11134,1.83574
0.03378,0.11134,1.83574
0.03378,0.11134,1.83574
0.03378,0.11134,1.83574
0.03378,0.11134,1.83574
0.03378,0.11134,1.83574
0.03378,0.11134,1.83574
0.03378,0.11134,1.83574
0.03378,0.11134,1.83574
0.03378,0.11134,1.83574
0.03378,0.11134,1.83574
0.03378,0.11134,1.83574
0.03378,0.11134,1.83574
0.03378,0.11134,1.83574
0.03378,0.11134,1.83574
0.03378,0.11134,1.83574
0.03378,0.11134,1.83574
0.03378,0.11134,1.83574
0.03378,0.11134,1.83574
0.03378,0.11134,1.83574
0.03378,0.11134,1.83574
0.03378,0.11134,1.83574
0.03378,0.11134,1.83574
0.03378,0.11134,1.83574
0.03378,0.11134,1.83574
0.03378,0.11134,1.83574
0.03378,0.11134,1.83574
0.03378,0.11134,1.83574
0.03378,0.11134,1.83574
0.03378,0.11134,1.83574
0.03378,0.11134,1.83574
0.03378,0.11134,1.83574
0.03378,0.11134,1.83574
0.03378,0.11134,1.83574
0.03378,0.11134,1.83574
0.03378,0.11134,1.83574
0.03378,0.11134,1.83574
0.03378,0.11134,1.83574
0.03378,0.11134,1.83574
0.03378,0.11134,1.83574
0.03378,0.11134,1.83574
0.03378,0.11134,1.83574
0.03378,0.11134,1.83574
0.03378,0.11134,1.83574
0.03378,0.11134,1.83574
0.03378,0.11134,1.83574
0.03378,0.11134,1.83574
0.03378,0.11134,1.83574
0.03378,0.11134,1.83574
0.03378,0.11134,1.83574
0.03378,0.11134,1.83574
0.03378,0.11134,1.83574
0.03378,0.11134,1.83574
0.03378,0.11134,1.83574
0.03378,0.11134,1.83574
0.03378,0.11134,1.83574
0.03378,0.11134,1.83574
0.03378,0.11134,1.83574
0.03378,0.11134,1.83574
0.03378,0.11134,1.83574
0.03378,0.11134,1.83574
0.03378,0.11134,1.83574
0.03378,0.11134,1.83574
0.03378,0.11134,1.83574
0.03378,0.11134,1.83574
0.03378,0.11134,1.83574
0.03378,0.11134,1.83574
0.03378,0.11134,1.83574
0.03378,0.11134,1.83574
0.03378,0.11134,1.83574
0.03378,0.11134,1.83574
0.03378,0.11134,1.83574
0.03378,0.11134,1.83574
0.03378,0.11134,1.83574
0.03378,0.11134,1.83574
0.03378,0.11134,1.83574
0.03378,0.11134,1.83574
0.03378,0.11134,1.83574
0.03378,0.11134,1.83574
0.03378,0.11134,1.83574
0.03378,0.11134,1.83574
0.03378,0.11134,1.83574
0.03378,0.11134,1.83574
0.01384,0.10989,1.86363
0.01384,0.10989,1.86363
0.01384,0.10989,1.86363
0.01384,0.10989,1.86363
0.01384,0.10989,1.86363
0.01384,0.10989,1.86363
0.01384,0.10989,1.86363
0.01384,0.10989,1.86363
0.01384,0.10989,1.86363
0.01384,0.10989,1.86363
0.01384,0.10989,1.86363
0.01384,0.10989,1.86363
0.01384,0.10989,1.86363
0.01384,0.10989,1.86363
0.01384,0.10989,1.86363
0.01384,0.10989,1.86363
0.01384,0.10989,1.86363
0.01384,0.10989,1.86363
0.01384,0.10989,1.86363
0.01384,0.10989,1.86363
0.01384,0.10989,1.86363
0.01384,0.10989,1.86363
0.01384,0.10989,1.86363
0.01384,0.10989,1.86363
0.01384,0.10989,1.86363
0.01384,0.10989,1.86363
0.01384,0.10989,1.86363
0.01384,0.10989,1.86363
0.01384,0.10989,1.86363
0.01384,0.10989,1.86363
0.01384,0.10989,1.86363
0.01384,0.10989,1.86363
0.01384,0.10989,1.86363
0.01384,0.10989,1.86363
0.01384,0.10989,1.86363
0.01384,0.10989,1.86363
0.01384,0.10989,1.86363
0.01384,0.10989,1.86363
0.01384,0.10989,1.86363
0.01384,0.10989,1.86363
0.01384,0.10989,1.86363
0.01384,0.10989,1.86363
0.01384,0.10989,1.86363
0.01384,0.10989,1.86363
0.01384,0.10989,1.86363
0.01384,0.10989,1.86363
0.01384,0.10989,1.86363
0.01384,0.10989,1.86363
0.01384,0.10989,1.86363
0.01384,0.10989,1.86363
0.01384,0.10989,1.86363
0.01384,0.10989,1.86363
0.01384,0.10989,1.86363
0.01384,0.10989,1.86363
0.01384,0.10989,1.86363
0.01384,0.10989,1.86363
0.01384,0.10989,1.86363
0.01384,0.10989,1.86363
0.01384,0.10989,1.86363
0.01384,0.10989,1.86363
0.01384,0.10989,1.86363
0.01384,0.10989,1.86363
0.01384,0.10989,1.86363
0.01384,0.10989,1.86363
0.01384,0.10989,1.86363
0.01384,0.10989,1.86363
0.01384,0.10989,1.86363
0.01384,0.10989,1.86363
0.01384,0.10989,1.86363
0.01384,0.10989,1.86363
0.01384,0.10989,1.86363
0.01384,0.10989,1.86363
0.01384,0.10989,1.86363
0.01384,0.10989,1.86363
0.01384,0.10989,1.86363
0.01384,0.10989,1.86363
0.01384,0.10989,1.86363
0.01384,0.10989,1.86363
0.01384,0.10989,1.86363
0.01384,0.10989,1.86363
0.01384,0.10989,1.86363
0.01384,0.10989,1.86363
0.01384,0.10989,1.86363
0.01384,0.10989,1.86363
0.01384,0.10989,1.86363
0.01384,0.10989,1.86363
0.01384,0.10989,1.86363
0.01384,0.10989,1.86363
0.01384,0.10989,1.86363
0.01384,0.10989,1.86363
0.01384,0.10989,1.86363
0.01384,0.10989,1.86363
0.01384,0.10989,1.86363
0.01384,0.10989,1.86363
0.01384,0.10989,1.86363
0.01384,0.10989,1.86363
0.01384,0.10989,1.86363
0.01384,0.10989,1.86363
0.01384,0.10989,1.86363
0.01384,0.10989,1.86363
0.01384,0.10989,1.86363
0.01384,0.10989,1.86363
0.01384,0.10989,1.86363
0.01384,0.10989,1.86363
0.01384,0.10989,1.86363
0.01384,0.10989,1.86363
0.01384,0.10989,1.86363
0.01384,0.10989,1.86363
0.01384,0.10989,1.86363
0.01384,0.10989,1.86363
0.01384,0.10989,1.86363
0.01384,0.10989,1.86363
0.01384,0.10989,1.86363
0.01384,0.10989,1.86363
0.01384,0.10989,1.86363
0.01384,0.10989,1.86363
0.01384,0.10989,1.86363
0.01384,0.10989,1.86363
0.01384,0.10989,1.86363
0.01384,0.10989,1.86363
0.01384,0.10989,1.86363
0.01384,0.10989,1.86363
0.01384,0.10989,1.86363
0.01384,0.10989,1.86363
0.01384,0.10989,1.86363
0.01384,0.10989,1.86363
0.01384,0.10989,1.86363
0.01384,0.10989,1.86363
0.01384,0.10989,1.86363
0.01384,0.10989,1.86363
0.01384,0.10989,1.86363
0.01384,0.10989,1.86363
0.01384,0.10989,1.86363
0.01384,0.10989,1.86363
0.01384,0.10989,1.86363
0.01384,0.10989,1.86363
0.01384,0.10989,1.86363
0.01384,0.10989,1.86363
0.01384,0.10989,1.86363
0.01384,0.10989,1.86363
0.01384,0.10989,1.86363
0.01384,0.10989,1.86363
0.01384,0.10989,1.86363
0.01384,0.10989,1.86363
0.01384,0.10989,1.86363
0.01384,0.10989,1.86363
0.01384,0.10989,1.86363
0.01384,0.10989,1.86363
0.01384,0.10989,1.86363
0.01384,0.10989,1.86363
0.01384,0.10989,1.86363
0.01384,0.10989,1.86363
0.01384,0.10989,1.86363
0.01384,0.10989,1.86363
0.01384,0.10989,1.86363
0.01384,0.10989,1.86363
0.01384,0.10989,1.86363
0.01384,0.10989,1.86363
0.01384,0.10989,1.86363
0.01384,0.10989,1.86363
0.01384,0.10989,1.86363
0.01384,0.10989,1.86363
0.01384,0.10989,1.86363
0.01384,0.10989,1.86363
0.01384,0.10989,1.86363
0.01384,0.10989,1.86363
0.01384,0.10989,1.86363
0.01384,0.10989,1.86363
0.01384,0.10989,1.86363
0.01384,0.10989,1.86363
0.01384,0.10989,1.86363
0.01384,0.10989,1.86363
0.01384,0.10989,1.86363
0.01384,0.10989,1.86363
0.01384,0.10989,1.86363
0.01384,0.10989,1.86363
0.01384,0.10989,1.86363
0.01384,0.10989,1.86363
0.01384,0.10989,1.86363
0.01384,0.10989,1.86363
0.01384,0.10989,1.86363
0.01384,0.10989,1.86363
0.01384,0.10989,1.86363
0.01384,0.10989,1.86363
0.01384,0.10989,1.86363
0.01384,0.10989,1.86363
0.01384,0.10989,1.86363
0.01384,0.10989,1.86363
0.01384,0.10989,1.86363
0.01384,0.10989,1.86363
0.01384,0.10989,1.86363
0.01384,0.10989,1.86363
0.01384,0.10989,1.86363
0.01384,0.10989,1.86363
0.01384,0.10989,1.86363
0.01384,0.10989,1.86363
0.01384,0.10989,1.86363
0.01384,0.10989,1.86363
0.01384,0.10989,1.86363
0.01384,0.10989,1.86363
0.01384,0.10989,1.86363
0.01384,0.10989,1.86363
0.01384,0.10989,1.86363
0.01384,0.10989,1.86363
0.01384,0.10989,1.86363
0.01384,0.10989,1.86363
0.01384,0.10989,1.86363
0.01384,0.10989,1.86363
0.01384,0.10989,1.86363
0.01384,0.10989,1.86363
0.01384,0.10989,1.86363
0.01384,0.10989,1.86363
0.01384,0.10989,1.86363
0.01384,0.10989,1.86363
0.01384,0.10989,1.86363
0.01384,0.10989,1.86363
0.01384,0.10989,1.86363
0.01384,0.10989,1.86363
0.01384,0.10989,1.86363
0.01384,0.10989,1.86363
0.01384,0.10989,1.86363
0.01384,0.10989,1.86363
0.01384,0.10989,1.86363
0.01384,0.10989,1.86363
0.01384,0.10989,1.86363
0.01384,0.10989,1.86363
0.01384,0.10989,1.86363
0.01384,0.10989,1.86363
0.01384,0.10989,1.86363
0.01384,0.10989,1.86363
0.01384,0.10989,1.86363
0.01384,0.10989,1.86363
0.01384,0.10989,1.86363
0.01384,0.10989,1.86363
0.01384,0.10989,1.86363
0.01384,0.10989,1.86363
0.01384,0.10989,1.86363
0.01384,0.10989,1.86363
0.01384,0.10989,1.86363
0.01384,0.10989,1.86363
0.01384,0.10989,1.86363
0.01384,0.10989,1.86363
0.01384,0.10989,1.86363
0.01384,0.10989,1.86363
0.01384,0.10989,1.86363
0.01384,0.10989,1.86363
0.01384,0.10989,1.86363
0.01384,0.10989,1.86363
0.01384,0.10989,1.86363
0.01384,0.10989,1.86363
0.01384,0.10989,1.86363
0.01384,0.10989,1.86363
0.01384,0.10989,1.86363
0.01384,0.10989,1.86363
0.01384,0.10989,1.86363
0.01384,0.10989,1.86363
0.01384,0.10989,1.86363
0.01384,0.10989,1.86363
0.01384,0.10989,1.86363
0.01384,0.10989,1.86363
0.01384,0.10989,1.86363
0.01384,0.10989,1.86363
0.01384,0.10989,1.86363
0.01384,0.10989,1.86363
0.01384,0.10989,1.86363
0.01384,0.10989,1.86363
0.01384,0.10989,1.86363
0.01384,0.10989,1.86363
0.01384,0.10989,1.86363
0.01384,0.10989,1.86363
0.01384,0.10989,1.86363
0.01384,0.10989,1.86363
0.01384,0.10989,1.86363
0.01384,0.10989,1.86363
0.01384,0.10989,1.86363
0.01384,0.10989,1.86363
0.01384,0.10989,1.86363
0.01384,0.10989,1.86363
0.01384,0.10989,1.86363
0.01384,0.10989,1.86363
0.01384,0.10989,1.86363
0.01384,0.10989,1.86363
0.01384,0.10989,1.86363
0.01384,0.10989,1.86363
0.01384,0.10989,1.86363
0.01384,0.10989,1.86363
0.01384,0.10989,1.86363
0.01384,0.10989,1.86363
0.01384,0.10989,1.86363
0.01384,0.10989,1.86363
0.01384,0.10989,1.86363
0.01384,0.10989,1.86363
0.01384,0.10989,1.86363
0.01384,0.10989,1.86363
0.01384,0.10989,1.86363
0.01384,0.10989,1.86363
0.01384,0.10989,1.86363
0.01384,0.10989,1.86363
0.01384,0.10989,1.86363
0.01384,0.10989,1.86363
0.01384,0.10989,1.86363
0.01384,0.10989,1.86363
0.01384,0.10989,1.86363
0.01384,0.10989,1.86363
0.01384,0.10989,1.86363
0.01384,0.10989,1.86363
0.01384,0.10989,1.86363
0.01384,0.10989,1.86363
0.01384,0.10989,1.86363
0.01384,0.10989,1.86363
0.01384,0.10989,1.86363
0.01384,0.10989,1.86363
0.01384,0.10989,1.86363
0.01384,0.10989,1.86363
0.01384,0.10989,1.86363
0.01384,0.10989,1.86363
0.01384,0.10989,1.86363
0.01384,0.10989,1.86363
0.01384,0.10989,1.86363
0.01384,0.10989,1.86363
0.01384,0.10989,1.86363
0.01384,0.10989,1.86363
0.01384,0.10989,1.86363
0.01384,0.10989,1.86363
0.01384,0.10989,1.86363
0.01384,0.10989,1.86363
0.01384,0.10989,1.86363
0.01384,0.10989,1.86363
0.01384,0.10989,1.86363
0.01384,0.10989,1.86363
0.01384,0.10989,1.86363
0.01384,0.10989,1.86363
0.01384,0.10989,1.86363
0.01384,0.10989,1.86363
0.01384,0.10989,1.86363
0.01384,0.10989,1.86363
0.01384,0.10989,1.86363
0.01384,0.10989,1.86363
0.01384,0.10989,1.86363
0.01384,0.10989,1.86363
0.01384,0.10989,1.86363
0.01384,0.10989,1.86363
0.01384,0.10989,1.86363
0.01384,0.10989,1.86363
0.01384,0.10989,1.86363
0.01384,0.10989,1.86363
0.01384,0.10989,1.86363
0.01384,0.10989,1.86363
0.01384,0.10989,1.86363
0.01384,0.10989,1.86363
0.01384,0.10989,1.86363
0.01384,0.10989,1.86363
0.01384,0.10989,1.86363
0.01384,0.10989,1.86363
0.01384,0.10989,1.86363
0.01384,0.10989,1.86363
0.01384,0.10989,1.86363
0.01384,0.10989,1.86363
0.01384,0.10989,1.86363
0.01384,0.10989,1.86363
0.01384,0.10989,1.86363
0.01384,0.10989,1.86363
0.01384,0.10989,1.86363
0.01384,0.10989,1.86363
0.01384,0.10989,1.86363
0.01384,0.10989,1.86363
0.01384,0.10989,1.86363
0.01384,0.10989,1.86363
0.01384,0.10989,1.86363
0.01384,0.10989,1.86363
0.01384,0.10989,1.86363
0.01384,0.10989,1.86363
0.01384,0.10989,1.86363
0.01384,0.10989,1.86363
0.01384,0.10989,1.86363
0.01384,0.10989,1.86363
0.01384,0.10989,1.86363
0.01384,0.10989,1.86363
0.01384,0.10989,1.86363
0.01384,0.10989,1.86363
0.01384,0.10989,1.86363
0.01384,0.10989,1.86363
0.01384,0.10989,1.86363
0.01384,0.10989,1.86363
0.01384,0.10989,1.86363
0.01384,0.10989,1.86363
0.01384,0.10989,1.86363
0.01384,0.10989,1.86363
0.01384,0.10989,1.86363
0.01384,0.10989,1.86363
0.01384,0.10989,1.86363
0.01384,0.10989,1.86363
0.01384,0.10989,1.86363
0.01384,0.10989,1.86363
0.01384,0.10989,1.86363
0.01384,0.10989,1.86363
0.01384,0.10989,1.86363
0.01384,0.10989,1.86363
0.01384,0.10989,1.86363
0.01384,0.10989,1.86363
0.01384,0.10989,1.86363
0.01384,0.10989,1.86363
0.01384,0.10989,1.86363
0.01384,0.10989,1.86363
0.01384,0.10989,1.86363
0.01384,0.10989,1.86363
0.01384,0.10989,1.86363
0.01384,0.10989,1.86363
0.01384,0.10989,1.86363
0.01384,0.10989,1.86363
0.01384,0.10989,1.86363
0.01384,0.10989,1.86363
0.01384,0.10989,1.86363
0.01384,0.10989,1.86363
0.01384,0.10989,1.86363
0.01384,0.10989,1.86363
0.01384,0.10989,1.86363
0.01384,0.10989,1.86363
0.01384,0.10989,1.86363
0.01384,0.10989,1.86363
0.01384,0.10989,1.86363
0.01384,0.10989,1.86363
0.01384,0.10989,1.86363
0.01384,0.10989,1.86363
0.01384,0.10989,1.86363
0.01384,0.10989,1.86363
0.01384,0.10989,1.86363
0.01384,0.10989,1.86363
0.01384,0.10989,1.86363
0.01384,0.10989,1.86363
0.01384,0.10989,1.86363
0.01384,0.10989,1.86363
0.01384,0.10989,1.86363
0.01384,0.10989,1.86363
0.01384,0.10989,1.86363
0.01384,0.10989,1.86363
0.01384,0.10989,1.86363
0.01384,0.10989,1.86363
0.01384,0.10989,1.86363
0.01384,0.10989,1.86363
0.01384,0.10989,1.86363
0.01384,0.10989,1.86363
0.01384,0.10989,1.86363
0.01384,0.10989,1.86363
0.01384,0.10989,1.86363
0.01384,0.10989,1.86363
0.01384,0.10989,1.86363
0.01384,0.10989,1.86363
0.01384,0.10989,1.86363
0.01384,0.10989,1.86363
0.01384,0.10989,1.86363
0.01384,0.10989,1.86363
0.01384,0.10989,1.86363
0.01384,0.10989,1.86363
0.01384,0.10989,1.86363
0.01384,0.10989,1.86363
0.01384,0.10989,1.86363
0.01384,0.10989,1.86363
0.01384,0.10989,1.86363
0.01384,0.10989,1.86363
0.01384,0.10989,1.86363
0.01384,0.10989,1.86363
0.01384,0.10989,1.86363
0.01384,0.10989,1.86363
0.01384,0.10989,1.86363
0.01384,0.10989,1.86363
0.01384,0.10989,1.86363
0.01384,0.10989,1.86363
0.01384,0.10989,1.86363
0.01384,0.10989,1.86363
0.01384,0.10989,1.86363
0.01384,0.10989,1.86363
0.01384,0.10989,1.86363
0.01384,0.10989,1.86363
0.01384,0.10989,1.86363
0.01384,0.10989,1.86363
0.01384,0.10989,1.86363
0.01384,0.10989,1.86363
0.01384,0.10989,1.86363
0.01384,0.10989,1.86363
0.01384,0.10989,1.86363
0.01384,0.10989,1.86363
0.01384,0.10989,1.86363
0.01384,0.10989,1.86363
0.01384,0.10989,1.86363
0.01384,0.10989,1.86363
0.01384,0.10989,1.86363
0.01384,0.10989,1.86363
0.01384,0.10989,1.86363
0.01384,0.10989,1.86363
0.01384,0.10989,1.86363
0.01384,0.10989,1.86363
0.01384,0.10989,1.86363
0.01384,0.10989,1.86363
0.01384,0.10989,1.86363
0.01384,0.10989,1.86363
0.01384,0.10989,1.86363
0.01384,0.10989,1.86363
0.01384,0.10989,1.86363
0.01384,0.10989,1.86363
0.01384,0.10989,1.86363
0.01384,0.10989,1.86363
0.01384,0.10989,1.86363
0.01384,0.10989,1.86363
0.01384,0.10989,1.86363
0.01384,0.10989,1.86363
0.01384,0.10989,1.86363
0.01384,0.10989,1.86363
0.01384,0.10989,1.86363
0.01384,0.10989,1.86363
0.01384,0.10989,1.86363
0.01384,0.10989,1.86363
0.01384,0.10989,1.86363
0.01384,0.10989,1.86363
0.01384,0.10989,1.86363
0.01384,0.10989,1.86363
0.01384,0.10989,1.86363
0.01384,0.10989,1.86363
0.01384,0.10989,1.86363
0.01384,0.10989,1.86363
0.01384,0.10989,1.86363
0.01384,0.10989,1.86363
0.01384,0.10989,1.86363
0.01384,0.10989,1.86363
0.01384,0.10989,1.86363
0.01384,0.10989,1.86363
0.01384,0.10989,1.86363
0.01384,0.10989,1.86363
0.01384,0.10989,1.86363
0.01384,0.10989,1.86363
0.01384,0.10989,1.86363
0.01384,0.10989,1.86363
0.01384,0.10989,1.86363
0.01384,0.10989,1.86363
0.01384,0.10989,1.86363
0.01384,0.10989,1.86363
0.01384,0.10989,1.86363
0.01384,0.10989,1.86363
0.01384,0.10989,1.86363
0.01384,0.10989,1.86363
0.01384,0.10989,1.86363
0.01384,0.10989,1.86363
0.01384,0.10989,1.86363
0.01384,0.10989,1.86363
0.01384,0.10989,1.86363
0.01384,0.10989,1.86363
0.01384,0.10989,1.86363
0.01384,0.10989,1.86363
0.01384,0.10989,1.86363
0.01384,0.10989,1.86363
0.01384,0.10989,1.86363
0.01384,0.10989,1.86363
0.01384,0.10989,1.86363
0.01384,0.10989,1.86363
0.01384,0.10989,1.86363
0.01384,0.10989,1.86363
0.01384,0.10989,1.86363
0.01384,0.10989,1.86363
0.01384,0.10989,1.86363
0.01384,0.10989,1.86363
0.01384,0.10989,1.86363
0.01384,0.10989,1.86363
0.01384,0.10989,1.86363
0.01384,0.10989,1.86363
0.01384,0.10989,1.86363
0.01384,0.10989,1.86363
0.01384,0.10989,1.86363
0.01384,0.10989,1.86363
0.01384,0.10989,1.86363
0.01384,0.10989,1.86363
0.01384,0.10989,1.86363
0.01384,0.10989,1.86363
0.01384,0.10989,1.86363
0.01384,0.10989,1.86363
0.01384,0.10989,1.86363
0.01384,0.10989,1.86363
0.01384,0.10989,1.86363
0.01384,0.10989,1.86363
0.01384,0.10989,1.86363
0.01384,0.10989,1.86363
0.01384,0.10989,1.86363
0.01384,0.10989,1.86363
0.01384,0.10989,1.86363
0.01384,0.10989,1.86363
0.01384,0.10989,1.86363
0.01384,0.10989,1.86363
0.01384,0.10989,1.86363
0.01384,0.10989,1.86363
0.01384,0.10989,1.86363
0.01384,0.10989,1.86363
0.01384,0.10989,1.86363
0.01384,0.10989,1.86363
0.01384,0.10989,1.86363
0.01384,0.10989,1.86363
0.01384,0.10989,1.86363
0.01384,0.10989,1.86363
0.01384,0.10989,1.86363
0.01384,0.10989,1.86363
0.01384,0.10989,1.86363
0.01384,0.10989,1.86363
0.01384,0.10989,1.86363
0.01384,0.10989,1.86363
0.01384,0.10989,1.86363
0.01384,0.10989,1.86363
0.01384,0.10989,1.86363
0.01384,0.10989,1.86363
0.01384,0.10989,1.86363
0.01384,0.10989,1.86363
0.01384,0.10989,1.86363
0.01384,0.10989,1.86363
0.01384,0.10989,1.86363
0.01384,0.10989,1.86363
0.01384,0.10989,1.86363
0.01384,0.10989,1.86363
0.01384,0.10989,1.86363
0.01384,0.10989,1.86363
0.01384,0.10989,1.86363
0.01384,0.10989,1.86363
0.01384,0.10989,1.86363
0.01384,0.10989,1.86363
0.01384,0.10989,1.86363
0.01384,0.10989,1.86363
0.01384,0.10989,1.86363
0.01384,0.10989,1.86363
0.01384,0.10989,1.86363
0.01384,0.10989,1.86363
0.01384,0.10989,1.86363
0.01384,0.10989,1.86363
0.01384,0.10989,1.86363
0.01384,0.10989,1.86363
0.01384,0.10989,1.86363
0.01384,0.10989,1.86363
0.01384,0.10989,1.86363
0.01384,0.10989,1.86363
0.01384,0.10989,1.86363
0.01384,0.10989,1.86363
0.01384,0.10989,1.86363
0.01384,0.10989,1.86363
0.01384,0.10989,1.86363
0.01384,0.10989,1.86363
0.01384,0.10989,1.86363
0.01384,0.10989,1.86363
0.01384,0.10989,1.86363
0.01384,0.10989,1.86363
0.01384,0.10989,1.86363
0.01384,0.10989,1.86363
0.01384,0.10989,1.86363
0.01384,0.10989,1.86363
0.01384,0.10989,1.86363
0.01384,0.10989,1.86363
0.01384,0.10989,1.86363
0.01384,0.10989,1.86363
0.01384,0.10989,1.86363
0.01384,0.10989,1.86363
0.01384,0.10989,1.86363
0.01384,0.10989,1.86363
0.01384,0.10989,1.86363
0.01384,0.10989,1.86363
0.01384,0.10989,1.86363
0.01384,0.10989,1.86363
0.01384,0.10989,1.86363
0.01384,0.10989,1.86363
0.01384,0.10989,1.86363
0.01384,0.10989,1.86363
0.01384,0.10989,1.86363
0.01384,0.10989,1.86363
0.01384,0.10989,1.86363
0.01384,0.10989,1.86363
0.01384,0.10989,1.86363
0.01384,0.10989,1.86363
0.01384,0.10989,1.86363
0.01384,0.10989,1.86363
0.01384,0.10989,1.86363
0.01384,0.10989,1.86363
0.01384,0.10989,1.86363
0.01384,0.10989,1.86363
0.01384,0.10989,1.86363
0.01384,0.10989,1.86363
0.01384,0.10989,1.86363
0.01384,0.10989,1.86363
0.01384,0.10989,1.86363
0.01384,0.10989,1.86363
0.01384,0.10989,1.86363
0.01384,0.10989,1.86363
0.01384,0.10989,1.86363
0.01384,0.10989,1.86363
0.01384,0.10989,1.86363
0.01384,0.10989,1.86363
0.01384,0.10989,1.86363
0.01384,0.10989,1.86363
0.01384,0.10989,1.86363
0.01384,0.10989,1.86363
0.01384,0.10989,1.86363
0.01384,0.10989,1.86363
0.01384,0.10989,1.86363
0.01384,0.10989,1.86363
0.01384,0.10989,1.86363
0.01384,0.10989,1.86363
0.01384,0.10989,1.86363
0.01384,0.10989,1.86363
0.01384,0.10989,1.86363
0.01384,0.10989,1.86363
0.01384,0.10989,1.86363
0.01384,0.10989,1.86363
0.01384,0.10989,1.86363
0.01384,0.10989,1.86363
0.01384,0.10989,1.86363
0.01384,0.10989,1.86363
0.01384,0.10989,1.86363
0.01384,0.10989,1.86363
0.01384,0.10989,1.86363
0.01384,0.10989,1.86363
0.01384,0.10989,1.86363
0.01384,0.10989,1.86363
0.01384,0.10989,1.86363
0.01384,0.10989,1.86363
0.01384,0.10989,1.86363
0.01384,0.10989,1.86363
0.01384,0.10989,1.86363
0.01384,0.10989,1.86363
0.01384,0.10989,1.86363
0.01384,0.10989,1.86363
0.01384,0.10989,1.86363
0.01384,0.10989,1.86363
0.01384,0.10989,1.86363
0.01384,0.10989,1.86363
0.01384,0.10989,1.86363
0.01384,0.10989,1.86363
0.01384,0.10989,1.86363
0.01384,0.10989,1.86363
0.01384,0.10989,1.86363
0.01384,0.10989,1.86363
0.01384,0.10989,1.86363
0.01384,0.10989,1.86363
0.01384,0.10989,1.86363
0.01384,0.10989,1.86363
0.01384,0.10989,1.86363
0.01384,0.10989,1.86363
0.01384,0.10989,1.86363
0.01384,0.10989,1.86363
0.01384,0.10989,1.86363
0.01384,0.10989,1.86363
0.01384,0.10989,1.86363
0.01384,0.10989,1.86363
0.01384,0.10989,1.86363
0.01384,0.10989,1.86363
0.01384,0.10989,1.86363
0.01384,0.10989,1.86363
0.01384,0.10989,1.86363
0.01384,0.10989,1.86363
0.01384,0.10989,1.86363
0.01384,0.10989,1.86363
0.01384,0.10989,1.86363
0.01384,0.10989,1.86363
0.01384,0.10989,1.86363
0.01384,0.10989,1.86363
0.01384,0.10989,1.86363
0.01384,0.10989,1.86363
0.01384,0.10989,1.86363
0.01384,0.10989,1.86363
0.01384,0.10989,1.86363
0.01384,0.10989,1.86363
0.01384,0.10989,1.86363
0.01384,0.10989,1.86363
0.01384,0.10989,1.86363
0.01384,0.10989,1.86363
0.01384,0.10989,1.86363
0.01384,0.10989,1.86363
0.01384,0.10989,1.86363
0.01384,0.10989,1.86363
0.01384,0.10989,1.86363
0.01384,0.10989,1.86363
0.01384,0.10989,1.86363
0.01384,0.10989,1.86363
0.01384,0.10989,1.86363
0.01384,0.10989,1.86363
0.01384,0.10989,1.86363
0.01384,0.10989,1.86363
0.01384,0.10989,1.86363
0.01384,0.10989,1.86363
0.01384,0.10989,1.86363
0.01384,0.10989,1.86363
0.01384,0.10989,1.86363
0.01384,0.10989,1.86363
0.01384,0.10989,1.86363
0.01384,0.10989,1.86363
0.01384,0.10989,1.86363
0.01384,0.10989,1.86363
0.01384,0.10989,1.86363
0.01384,0.10989,1.86363
0.01384,0.10989,1.86363
0.01384,0.10989,1.86363
0.01384,0.10989,1.86363
0.01384,0.10989,1.86363
0.01384,0.10989,1.86363
0.01384,0.10989,1.86363
0.01384,0.10989,1.86363
0.01384,0.10989,1.86363
0.01384,0.10989,1.86363
0.01384,0.10989,1.86363
0.01384,0.10989,1.86363
0.01384,0.10989,1.86363
0.01384,0.10989,1.86363
0.01384,0.10989,1.86363
0.01384,0.10989,1.86363
0.01384,0.10989,1.86363
0.01384,0.10989,1.86363
0.01384,0.10989,1.86363
0.01384,0.10989,1.86363
0.01384,0.10989,1.86363
0.01384,0.10989,1.86363
0.01384,0.10989,1.86363
0.01384,0.10989,1.86363
0.01384,0.10989,1.86363
0.01384,0.10989,1.86363
0.01384,0.10989,1.86363
0.01384,0.10989,1.86363
0.01384,0.10989,1.86363
0.01384,0.10989,1.86363
0.01384,0.10989,1.86363
0.01384,0.10989,1.86363
0.01384,0.10989,1.86363
0.01384,0.10989,1.86363
0.01384,0.10989,1.86363
0.01384,0.10989,1.86363
0.01384,0.10989,1.86363
0.01384,0.10989,1.86363
0.01384,0.10989,1.86363
0.01384,0.10989,1.86363
0.01384,0.10989,1.86363
0.01384,0.10989,1.86363
0.01384,0.10989,1.86363
0.01384,0.10989,1.86363
0.01384,0.10989,1.86363
0.01384,0.10989,1.86363
0.01384,0.10989,1.86363
0.01384,0.10989,1.86363
0.01384,0.10989,1.86363
0.01384,0.10989,1.86363
0.01384,0.10989,1.86363
0.01384,0.10989,1.86363
0.01384,0.10989,1.86363
0.01384,0.10989,1.86363
0.01384,0.10989,1.86363
0.01384,0.10989,1.86363
0.01384,0.10989,1.86363
0.01384,0.10989,1.86363
0.01384,0.10989,1.86363
0.01384,0.10989,1.86363
0.01384,0.10989,1.86363
0.01384,0.10989,1.86363
0.01384,0.10989,1.86363
0.01384,0.10989,1.86363
0.01384,0.10989,1.86363
0.01384,0.10989,1.86363
0.01384,0.10989,1.86363
0.01384,0.10989,1.86363
0.01384,0.10989,1.86363
0.01384,0.10989,1.86363
0.01384,0.10989,1.86363
0.01384,0.10989,1.86363
0.01384,0.10989,1.86363
0.01384,0.10989,1.86363
0.01384,0.10989,1.86363
0.01384,0.10989,1.86363
0.01384,0.10989,1.86363
0.01384,0.10989,1.86363
0.01384,0.10989,1.86363
0.01384,0.10989,1.86363
0.01384,0.10989,1.86363
0.01384,0.10989,1.86363
0.01384,0.10989,1.86363
0.01384,0.10989,1.86363
0.01384,0.10989,1.86363
0.01384,0.10989,1.86363
0.01384,0.10989,1.86363
0.01384,0.10989,1.86363
0.01384,0.10989,1.86363
0.01384,0.10989,1.86363
0.01384,0.10989,1.86363
0.01384,0.10989,1.86363
0.01384,0.10989,1.86363
0.01384,0.10989,1.86363
0.01384,0.10989,1.86363
0.01384,0.10989,1.86363
0.01384,0.10989,1.86363
0.01384,0.10989,1.86363
0.01384,0.10989,1.86363
0.01384,0.10989,1.86363
0.01384,0.10989,1.86363
0.01384,0.10989,1.86363
0.01384,0.10989,1.86363
0.01384,0.10989,1.86363
0.01384,0.10989,1.86363
0.01384,0.10989,1.86363
0.01384,0.10989,1.86363
0.01384,0.10989,1.86363
0.01384,0.10989,1.86363
0.01384,0.10989,1.86363
0.01384,0.10989,1.86363
0.01384,0.10989,1.86363
0.01384,0.10989,1.86363
0.01384,0.10989,1.86363
0.01384,0.10989,1.86363
0.01384,0.10989,1.86363
0.01384,0.10989,1.86363
0.01384,0.10989,1.86363
0.01384,0.10989,1.86363
0.01384,0.10989,1.86363
0.01384,0.10989,1.86363
0.01384,0.10989,1.86363
0.01384,0.10989,1.86363
0.01384,0.10989,1.86363
0.01384,0.10989,1.86363
0.01384,0.10989,1.86363
0.01384,0.10989,1.86363
0.01384,0.10989,1.86363
0.01384,0.10989,1.86363
0.01384,0.10989,1.86363
0.01384,0.10989,1.86363
0.01384,0.10989,1.86363
0.01384,0.10989,1.86363
0.01384,0.10989,1.86363
0.01384,0.10989,1.86363
0.01384,0.10989,1.86363
0.01384,0.10989,1.86363
0.01384,0.10989,1.86363
0.01384,0.10989,1.86363
0.01384,0.10989,1.86363
0.01384,0.10989,1.86363
0.01384,0.10989,1.86363
0.01384,0.10989,1.86363
0.01384,0.10989,1.86363
0.01384,0.10989,1.86363
0.01384,0.10989,1.86363
0.01384,0.10989,1.86363
0.01384,0.10989,1.86363
0.01384,0.10989,1.86363
0.01384,0.10989,1.86363
0.01384,0.10989,1.86363
0.01384,0.10989,1.86363
0.01384,0.10989,1.86363
0.01384,0.10989,1.86363
0.01384,0.10989,1.86363
0.01384,0.10989,1.86363
0.01384,0.10989,1.86363
0.01384,0.10989,1.86363
0.01384,0.10989,1.86363
0.01384,0.10989,1.86363
0.01384,0.10989,1.86363
0.01384,0.10989,1.86363
0.01384,0.10989,1.86363
0.01384,0.10989,1.86363
0.01384,0.10989,1.86363
0.01384,0.10989,1.86363
0.01384,0.10989,1.86363
0.01384,0.10989,1.86363
0.01384,0.10989,1.86363
0.01384,0.10989,1.86363
0.01384,0.10989,1.86363
0.01384,0.10989,1.86363
0.01384,0.10989,1.86363
0.01384,0.10989,1.86363
0.01384,0.10989,1.86363
0.01384,0.10989,1.86363
0.01384,0.10989,1.86363
0.01384,0.10989,1.86363
0.01384,0.10989,1.86363
0.01384,0.10989,1.86363
0.01384,0.10989,1.86363
0.01384,0.10989,1.86363
0.01384,0.10989,1.86363
0.01384,0.10989,1.86363
0.01384,0.10989,1.86363
0.01384,0.10989,1.86363
0.01384,0.10989,1.86363
0.01384,0.10989,1.86363
0.01384,0.10989,1.86363
0.01384,0.10989,1.86363
0.01384,0.10989,1.86363
0.01384,0.10989,1.86363
0.01384,0.10989,1.86363
0.01384,0.10989,1.86363
0.01384,0.10989,1.86363
0.01384,0.10989,1.86363
0.01384,0.10989,1.86363
0.01384,0.10989,1.86363
0.01384,0.10989,1.86363
0.01384,0.10989,1.86363
0.01384,0.10989,1.86363
0.01384,0.10989,1.86363
0.01384,0.10989,1.86363
0.01384,0.10989,1.86363
0.01384,0.10989,1.86363
0.01384,0.10989,1.86363
0.01384,0.10989,1.86363
0.01384,0.10989,1.86363
0.01384,0.10989,1.86363
0.01384,0.10989,1.86363
0.01384,0.10989,1.86363
0.01384,0.10989,1.86363
0.01384,0.10989,1.86363
0.01384,0.10989,1.86363
0.01384,0.10989,1.86363
0.01384,0.10989,1.86363
0.01384,0.10989,1.86363
0.01384,0.10989,1.86363
0.01384,0.10989,1.86363
0.01384,0.10989,1.86363
0.01384,0.10989,1.86363
0.01384,0.10989,1.86363
0.01384,0.10989,1.86363
0.01384,0.10989,1.86363
0.01384,0.10989,1.86363
0.01384,0.10989,1.86363
0.01384,0.10989,1.86363
0.01384,0.10989,1.86363
0.01384,0.10989,1.86363
0.01384,0.10989,1.86363
0.01384,0.10989,1.86363
0.01384,0.10989,1.86363
0.01384,0.10989,1.86363
0.01384,0.10989,1.86363
0.01384,0.10989,1.86363
0.01384,0.10989,1.86363
0.01384,0.10989,1.86363
0.01384,0.10989,1.86363
0.01384,0.10989,1.86363
0.01384,0.10989,1.86363
0.01384,0.10989,1.86363
0.01384,0.10989,1.86363
0.01384,0.10989,1.86363
0.01384,0.10989,1.86363
0.01384,0.10989,1.86363
0.01384,0.10989,1.86363
0.01384,0.10989,1.86363
0.01384,0.10989,1.86363
0.01384,0.10989,1.86363
0.01384,0.10989,1.86363
0.01384,0.10989,1.86363
0.01384,0.10989,1.86363
0.01384,0.10989,1.86363
0.01384,0.10989,1.86363
0.01384,0.10989,1.86363
0.01384,0.10989,1.86363
0.01384,0.10989,1.86363
0.01384,0.10989,1.86363
0.01384,0.10989,1.86363
0.01384,0.10989,1.86363
0.01384,0.10989,1.86363
0.01384,0.10989,1.86363
0.01384,0.10989,1.86363
0.01384,0.10989,1.86363
0.01384,0.10989,1.86363
0.01384,0.10989,1.86363
0.01384,0.10989,1.86363
0.01384,0.10989,1.86363
0.01384,0.10989,1.86363
0.01384,0.10989,1.86363
0.01384,0.10989,1.86363
0.01384,0.10989,1.86363
0.01384,0.10989,1.86363
0.01384,0.10989,1.86363
0.01384,0.10989,1.86363
0.01384,0.10989,1.86363
0.01384,0.10989,1.86363
0.01384,0.10989,1.86363
0.01384,0.10989,1.86363
0.01384,0.10989,1.86363
0.01384,0.10989,1.86363
0.01384,0.10989,1.86363
0.01384,0.10989,1.86363
0.01384,0.10989,1.86363
0.01384,0.10989,1.86363
0.01384,0.10989,1.86363
0.01384,0.10989,1.86363
0.01384,0.10989,1.86363
0.01384,0.10989,1.86363
0.01384,0.10989,1.86363
0.01384,0.10989,1.86363
0.01384,0.10989,1.86363
0.01384,0.10989,1.86363
0.01384,0.10989,1.86363
0.01384,0.10989,1.86363
0.01384,0.10989,1.86363
0.01384,0.10989,1.86363
0.01384,0.10989,1.86363
0.01384,0.10989,1.86363
0.01384,0.10989,1.86363
0.01384,0.10989,1.86363
0.01384,0.10989,1.86363
0.01384,0.10989,1.86363
0.01384,0.10989,1.86363
0.01384,0.10989,1.86363
0.01384,0.10989,1.86363
0.01384,0.10989,1.86363
0.01384,0.10989,1.86363
0.01384,0.10989,1.86363
0.01384,0.10989,1.86363
0.01384,0.10989,1.86363
0.01384,0.10989,1.86363
0.01384,0.10989,1.86363
0.01384,0.10989,1.86363
0.01384,0.10989,1.86363
0.01384,0.10989,1.86363
0.01384,0.10989,1.86363
0.01384,0.10989,1.86363
0.01384,0.10989,1.86363
0.01384,0.10989,1.86363
0.01384,0.10989,1.86363
0.01384,0.10989,1.86363
0.01384,0.10989,1.86363
0.01384,0.10989,1.86363
0.01384,0.10989,1.86363
0.01384,0.10989,1.86363
0.01384,0.10989,1.86363
0.01384,0.10989,1.86363
0.01384,0.10989,1.86363
0.01384,0.10989,1.86363
0.01384,0.10989,1.86363
0.01384,0.10989,1.86363
0.01384,0.10989,1.86363
0.01384,0.10989,1.86363
0.01384,0.10989,1.86363
0.01384,0.10989,1.86363
0.01384,0.10989,1.86363
0.01384,0.10989,1.86363
0.01384,0.10989,1.86363
0.01384,0.10989,1.86363
0.01384,0.10989,1.86363
0.01384,0.10989,1.86363
0.01384,0.10989,1.86363
0.01384,0.10989,1.86363
0.01384,0.10989,1.86363
0.01384,0.10989,1.86363
0.01384,0.10989,1.86363
0.01384,0.10989,1.86363
0.01384,0.10989,1.86363
0.01384,0.10989,1.86363
0.01384,0.10989,1.86363
0.01384,0.10989,1.86363
0.01384,0.10989,1.86363
0.01384,0.10989,1.86363
0.01384,0.10989,1.86363
0.01384,0.10989,1.86363
0.01384,0.10989,1.86363
0.01384,0.10989,1.86363
0.01384,0.10989,1.86363
0.01384,0.10989,1.86363
0.01384,0.10989,1.86363
0.01384,0.10989,1.86363
0.01384,0.10989,1.86363
0.01384,0.10989,1.86363
0.01384,0.10989,1.86363
0.01384,0.10989,1.86363
0.01384,0.10989,1.86363
0.01384,0.10989,1.86363
0.01384,0.10989,1.86363
0.01384,0.10989,1.86363
0.01384,0.10989,1.86363
0.01384,0.10989,1.86363
0.01384,0.10989,1.86363
0.01384,0.10989,1.86363
0.01384,0.10989,1.86363
0.01384,0.10989,1.86363
0.01384,0.10989,1.86363
0.01384,0.10989,1.86363
0.01384,0.10989,1.86363
0.01384,0.10989,1.86363
0.01384,0.10989,1.86363
0.01384,0.10989,1.86363
0.01384,0.10989,1.86363
0.01384,0.10989,1.86363
0.01384,0.10989,1.86363
0.01384,0.10989,1.86363
0.01384,0.10989,1.86363
0.01384,0.10989,1.86363
0.01384,0.10989,1.86363
0.01384,0.10989,1.86363
0.01384,0.10989,1.86363
0.01384,0.10989,1.86363
0.01384,0.10989,1.86363
0.01384,0.10989,1.86363
0.01384,0.10989,1.86363
0.01384,0.10989,1.86363
0.01384,0.10989,1.86363
0.01384,0.10989,1.88112
0.01384,0.10989,1.88112
0.01384,0.10989,1.88112
0.01384,0.10989,1.88112
0.01384,0.10989,1.88112
0.01384,0.10989,1.88112
0.01384,0.10989,1.88112
0.01384,0.10989,1.88112
0.01384,0.10989,1.88112
0.01384,0.10989,1.88112
0.01384,0.10989,1.88112
0.01384,0.10989,1.88112
0.01384,0.10989,1.88112
0.01384,0.10989,1.88112
0.01384,0.10989,1.88112
0.01384,0.10989,1.88112
0.01384,0.10989,1.88112
0.01384,0.10989,1.88112
0.01384,0.10989,1.88112
0.01384,0.10989,1.88112
0.01384,0.10989,1.88112
0.01384,0.10989,1.88112
0.01384,0.10989,1.88112
0.01384,0.10989,1.88112
0.01384,0.10989,1.88112
0.01384,0.10989,1.88112
0.01384,0.10989,1.88112
0.01384,0.10989,1.88112
0.01384,0.10989,1.88112
0.01384,0.10989,1.88112
0.01384,0.10989,1.88112
0.01384,0.10989,1.88112
0.01384,0.10989,1.88112
0.01384,0.10989,1.88112
0.01384,0.10989,1.88112
0.01384,0.10989,1.88112
0.01384,0.10989,1.88112
0.01384,0.10989,1.88112
0.01384,0.10989,1.88112
0.01384,0.10989,1.88112
0.01384,0.10989,1.88112
0.01384,0.10989,1.88112
0.01384,0.10989,1.88112
0.01384,0.10989,1.88112
0.01384,0.10989,1.88112
0.01384,0.10989,1.88112
0.01384,0.10989,1.88112
0.01384,0.10989,1.88112
0.01384,0.10989,1.88112
0.01384,0.10989,1.88112
0.01384,0.10989,1.88112
0.01384,0.10989,1.88112
0.01384,0.10989,1.88112
0.01384,0.10989,1.88112
0.01384,0.10989,1.88112
0.01384,0.10989,1.88112
0.01384,0.10989,1.88112
0.01384,0.10989,1.88112
0.01384,0.10989,1.88112
0.01384,0.10989,1.88112
0.01384,0.10989,1.88112
0.01384,0.10989,1.88112
0.01384,0.10989,1.88112
0.01384,0.10989,1.88112
0.01384,0.10989,1.88112
0.01384,0.10989,1.88112
0.01384,0.10989,1.88112
0.01384,0.10989,1.88112
0.01384,0.10989,1.88112
0.01384,0.10989,1.88112
0.01384,0.10989,1.88112
0.01384,0.10989,1.88112
0.01384,0.10989,1.88112
0.01384,0.10989,1.88112
0.01384,0.10989,1.88112
0.01384,0.10989,1.88112
0.01384,0.10989,1.88112
0.01384,0.10989,1.88112
0.01384,0.10989,1.88112
0.01384,0.10989,1.88112
0.01384,0.10989,1.88112
0.01384,0.10989,1.88112
0.01384,0.10989,1.88112
0.01384,0.10989,1.88112
0.01384,0.10989,1.88112
0.01384,0.10989,1.88112
0.01384,0.10989,1.88112
0.01384,0.10989,1.88112
0.01384,0.10989,1.88112
0.01384,0.10989,1.88112
0.01384,0.10989,1.88112
0.01384,0.10989,1.88112
0.01384,0.10989,1.88112
0.01384,0.10989,1.88112
0.01384,0.10989,1.88112
0.01384,0.10989,1.88112
0.01384,0.10989,1.88112
0.01384,0.10989,1.88112
0.01384,0.10989,1.88112
0.01384,0.10989,1.88112
0.01384,0.10989,1.88112
0.01384,0.10989,1.88112
0.01384,0.10989,1.88112
0.01384,0.10989,1.88112
0.01384,0.10989,1.88112
0.01384,0.10989,1.88112
0.01384,0.10989,1.88112
0.01384,0.10989,1.88112
0.01384,0.10989,1.88112
0.01384,0.10989,1.88112
0.01384,0.10989,1.88112
0.01384,0.10989,1.88112
0.01384,0.10989,1.88112
0.01384,0.10989,1.88112
0.01384,0.10989,1.88112
0.01384,0.10989,1.88112
0.01384,0.10989,1.88112
0.01384,0.10989,1.88112
0.01384,0.10989,1.88112
0.01384,0.10989,1.88112
0.01384,0.10989,1.88112
0.01384,0.10989,1.88112
0.01384,0.10989,1.88112
0.01384,0.10989,1.88112
0.01384,0.10989,1.88112
0.01384,0.10989,1.88112
0.01384,0.10989,1.88112
0.01384,0.10989,1.88112
0.01384,0.10989,1.88112
0.01384,0.10989,1.88112
0.01384,0.10989,1.88112
0.01384,0.10989,1.88112
0.01384,0.10989,1.88112
0.01384,0.10989,1.88112
0.01384,0.10989,1.88112
0.01384,0.10989,1.88112
0.01384,0.10989,1.88112
0.01384,0.10989,1.88112
0.01384,0.10989,1.88112
0.01384,0.10989,1.88112
0.01384,0.10989,1.88112
0.01384,0.10989,1.88112
0.01384,0.10989,1.88112
0.01384,0.10989,1.88112
0.01384,0.10989,1.88112
0.01384,0.10989,1.88112
0.01384,0.10989,1.88112
0.01384,0.10989,1.88112
0.01384,0.10989,1.88112
0.01384,0.10989,1.88112
0.01384,0.10989,1.88112
0.01384,0.10989,1.88112
0.01384,0.10989,1.88112
0.01384,0.10989,1.88112
0.01384,0.10989,1.88112
0.01384,0.10989,1.88112
0.01384,0.10989,1.88112
0.01384,0.10989,1.88112
0.01384,0.10989,1.88112
0.01384,0.10989,1.88112
0.01384,0.10989,1.88112
0.01384,0.10989,1.88112
0.01384,0.10989,1.88112
0.01384,0.10989,1.88112
0.01384,0.10989,1.88112
0.01384,0.10989,1.88112
0.01384,0.10989,1.88112
0.01384,0.10989,1.88112
0.01384,0.10989,1.88112
0.01384,0.10989,1.88112
0.01384,0.10989,1.88112
0.01384,0.10989,1.88112
0.01384,0.10989,1.88112
0.01384,0.10989,1.88112
0.01384,0.10989,1.88112
0.01384,0.10989,1.88112
0.01384,0.10989,1.88112
0.01384,0.10989,1.88112
0.01384,0.10989,1.88112
0.01384,0.10989,1.88112
0.01384,0.10989,1.88112
0.01384,0.10989,1.88112
0.01384,0.10989,1.88112
0.01384,0.10989,1.88112
0.01384,0.10989,1.88112
0.01384,0.10989,1.88112
0.01384,0.10989,1.88112
0.01384,0.10989,1.88112
0.01384,0.10989,1.88112
0.01384,0.10989,1.88112
0.01384,0.10989,1.88112
0.01384,0.10989,1.88112
0.01384,0.10989,1.88112
0.01384,0.10989,1.88112
0.01384,0.10989,1.88112
0.01384,0.10989,1.88112
0.01384,0.10989,1.88112
0.01384,0.10989,1.88112
0.01384,0.10989,1.88112
0.01384,0.10989,1.88112
0.01384,0.10989,1.88112
0.01384,0.10989,1.88112
0.01384,0.10989,1.88112
0.01384,0.10989,1.88112
0.01384,0.10989,1.88112
0.01384,0.10989,1.88112
0.01384,0.10989,1.88112
0.01384,0.10989,1.88112
0.01384,0.10989,1.88112
0.01384,0.10989,1.88112
0.01384,0.10989,1.88112
0.01384,0.10989,1.88112
0.01384,0.10989,1.88112
0.01384,0.10989,1.88112
0.01384,0.10989,1.88112
0.01384,0.10989,1.88112
0.01384,0.10989,1.88112
0.01384,0.10989,1.88112
0.01384,0.10989,1.88112
0.01384,0.10989,1.88112
0.01384,0.10989,1.88112
0.01384,0.10989,1.88112
0.01384,0.10989,1.88112
0.01384,0.10989,1.88112
0.01384,0.10989,1.88112
0.01384,0.10989,1.88112
0.01384,0.10989,1.88112
0.01384,0.10989,1.88112
0.01384,0.10989,1.88112
0.01384,0.10989,1.88112
0.01384,0.10989,1.88112
0.01384,0.10989,1.88112
0.01384,0.10989,1.88112
0.01384,0.10989,1.88112
0.01384,0.10989,1.88112
0.01384,0.10989,1.88112
0.01384,0.10989,1.88112
0.01384,0.10989,1.88112
0.01384,0.10989,1.88112
0.01384,0.10989,1.88112
0.01384,0.10989,1.88112
0.01384,0.10989,1.88112
0.01384,0.10989,1.88112
0.01384,0.10989,1.88112
0.01384,0.10989,1.88112
0.01384,0.10989,1.88112
0.01384,0.10989,1.88112
0.01384,0.10989,1.88112
0.01384,0.10989,1.88112
0.01384,0.10989,1.88112
0.01384,0.10989,1.88112
0.01384,0.10989,1.88112
0.01384,0.10989,1.88112
0.01384,0.10989,1.88112
0.01384,0.10989,1.88112
0.01384,0.10989,1.88112
0.01384,0.10989,1.88112
0.01384,0.10989,1.88112
0.01384,0.10989,1.88112
0.01384,0.10989,1.88112
0.01384,0.10989,1.88112
0.01384,0.10989,1.88112
0.01384,0.10989,1.88112
0.01384,0.10989,1.88112
0.01384,0.10989,1.88112
0.01384,0.10989,1.88112
0.01384,0.10989,1.88112
0.01384,0.10989,1.88112
0.01384,0.10989,1.88112
0.01384,0.10989,1.88112
0.01384,0.10989,1.88112
0.01384,0.10989,1.88112
0.01384,0.10989,1.88112
0.01384,0.10989,1.88112
0.01384,0.10989,1.88112
0.01384,0.10989,1.88112
0.01384,0.10989,1.88112
0.01384,0.10989,1.88112
0.01384,0.10989,1.88112
0.01384,0.10989,1.88112
0.01384,0.10989,1.88112
0.01384,0.10989,1.88112
0.01384,0.10989,1.88112
0.01384,0.10989,1.88112
0.01384,0.10989,1.88112
0.01384,0.10989,1.88112
0.01384,0.10989,1.88112
0.01384,0.10989,1.88112
0.01384,0.10989,1.88112
0.01384,0.10989,1.88112
0.01384,0.10989,1.88112
0.01384,0.10989,1.88112
0.01384,0.10989,1.88112
0.01384,0.10989,1.88112
0.01384,0.10989,1.88112
0.01384,0.10989,1.88112
0.01384,0.10989,1.88112
0.01384,0.10989,1.88112
0.01384,0.10989,1.88112
0.01384,0.10989,1.88112
0.01384,0.10989,1.88112
0.01384,0.10989,1.88112
0.01384,0.10989,1.88112
0.01384,0.10989,1.88112
0.01384,0.10989,1.88112
0.01384,0.10989,1.88112
0.01384,0.10989,1.88112
0.01384,0.10989,1.88112
0.01384,0.10989,1.88112
0.01384,0.10989,1.88112
0.01384,0.10989,1.88112
0.01384,0.10989,1.88112
0.01384,0.10989,1.88112
0.01384,0.10989,1.88112
0.01384,0.10989,1.88112
0.01384,0.10989,1.88112
0.01384,0.10989,1.88112
0.01384,0.10989,1.88112
0.01384,0.10989,1.88112
0.01384,0.10989,1.88112
0.01384,0.10989,1.88112
0.01384,0.10989,1.88112
0.01384,0.10989,1.88112
0.01384,0.10989,1.88112
0.01384,0.10989,1.88112
0.01384,0.10989,1.88112
0.01384,0.10989,1.88112
0.01384,0.10989,1.88112
0.01384,0.10989,1.88112
0.01384,0.10989,1.88112
0.01384,0.10989,1.88112
0.01384,0.10989,1.88112
0.01384,0.10989,1.88112
0.01384,0.10989,1.88112
0.01384,0.10989,1.88112
0.01384,0.10989,1.88112
0.01384,0.10989,1.88112
0.01384,0.10989,1.88112
0.01384,0.10989,1.88112
0.01384,0.10989,1.88112
0.01384,0.10989,1.88112
0.01384,0.10989,1.88112
0.01384,0.10989,1.88112
0.01384,0.10989,1.88112
0.01384,0.10989,1.88112
0.01384,0.10989,1.88112
0.01384,0.10989,1.88112
0.01384,0.10989,1.88112
0.01384,0.10989,1.88112
0.01384,0.10989,1.88112
0.01384,0.10989,1.88112
0.01384,0.10989,1.88112
0.01384,0.10989,1.88112
0.01384,0.10989,1.88112
0.01384,0.10989,1.88112
0.01384,0.10989,1.88112
0.01384,0.10989,1.88112
0.01384,0.10989,1.88112
0.01384,0.10989,1.88112
0.01384,0.10989,1.88112
0.01384,0.10989,1.88112
0.01384,0.10989,1.88112
0.01384,0.10989,1.88112
0.01384,0.10989,1.88112
0.01384,0.10989,1.88112
0.01384,0.10989,1.88112
0.01384,0.10989,1.88112
0.01384,0.10989,1.88112
0.01384,0.10989,1.88112
0.01384,0.10989,1.88112
0.01384,0.10989,1.88112
0.01384,0.10989,1.88112
0.01384,0.10989,1.88112
0.01384,0.10989,1.88112
0.01384,0.10989,1.88112
0.01384,0.10989,1.88112
0.01384,0.10989,1.88112
0.01384,0.10989,1.88112
0.01384,0.10989,1.88112
0.01384,0.10989,1.88112
0.01384,0.10989,1.88112
0.01384,0.10989,1.88112
0.01384,0.10989,1.88112
0.01384,0.10989,1.88112
0.01384,0.10989,1.88112
0.01384,0.10989,1.88112
0.01384,0.10989,1.88112
0.01384,0.10989,1.88112
0.01384,0.10989,1.88112
0.01384,0.10989,1.88112
0.01384,0.10989,1.88112
0.01384,0.10989,1.88112
0.01384,0.10989,1.88112
0.01384,0.10989,1.88112
0.01384,0.10989,1.88112
0.01384,0.10989,1.88112
0.01384,0.10989,1.88112
0.01384,0.10989,1.88112
0.01384,0.10989,1.88112
0.01384,0.10989,1.88112
0.01384,0.10989,1.88112
0.01384,0.10989,1.88112
0.01384,0.10989,1.88112
0.01384,0.10989,1.88112
0.01384,0.10989,1.88112
0.01384,0.10989,1.88112
0.01384,0.10989,1.88112
0.01384,0.10989,1.88112
0.01384,0.10989,1.88112
0.01384,0.10989,1.88112
0.01384,0.10989,1.88112
0.01384,0.10989,1.88112
0.01384,0.10989,1.88112
0.01384,0.10989,1.88112
0.01384,0.10989,1.88112
0.01384,0.10989,1.88112
0.01384,0.10989,1.88112
0.01384,0.10989,1.88112
0.01384,0.10989,1.88112
0.01384,0.10989,1.88112
0.01384,0.10989,1.88112
0.01384,0.10989,1.88112
0.01384,0.10989,1.88112
0.01384,0.10989,1.88112
0.01384,0.10989,1.88112
0.01384,0.10989,1.88112
0.01384,0.10989,1.88112
0.01384,0.10989,1.88112
0.01384,0.10989,1.88112
0.01384,0.10989,1.88112
0.01384,0.10989,1.88112
0.01384,0.10989,1.88112
0.01384,0.10989,1.88112
0.01384,0.10989,1.88112
0.01384,0.10989,1.88112
0.01384,0.10989,1.88112
0.01384,0.10989,1.88112
0.01384,0.10989,1.88112
0.01384,0.10989,1.88112
0.01384,0.10989,1.88112
0.01384,0.10989,1.88112
0.01384,0.10989,1.88112
0.01384,0.10989,1.88112
0.01384,0.10989,1.88112
0.01384,0.10989,1.88112
0.01384,0.10989,1.88112
0.01384,0.10989,1.88112
0.01384,0.10989,1.88112
0.01384,0.10989,1.88112
0.01384,0.10989,1.88112
0.01384,0.10989,1.88112
0.01384,0.10989,1.88112
0.01384,0.10989,1.88112
0.01384,0.10989,1.88112
0.01384,0.10989,1.88112
0.01384,0.10989,1.88112
0.01384,0.10989,1.88112
0.01384,0.10989,1.88112
0.01384,0.10989,1.88112
0.01384,0.10989,1.88112
0.01384,0.10989,1.88112
0.01384,0.10989,1.88112
0.01384,0.10989,1.88112
0.01384,0.10989,1.88112
0.01384,0.10989,1.88112
0.01384,0.10989,1.88112
0.01384,0.10989,1.88112
0.01384,0.10989,1.88112
0.01384,0.10989,1.88112
0.01384,0.10989,1.88112
0.01384,0.10989,1.88112
0.01384,0.10989,1.88112
0.01384,0.10989,1.88112
0.01384,0.10989,1.88112
0.01384,0.10989,1.88112
0.01384,0.10989,1.88112
0.01384,0.10989,1.88112
0.01384,0.10989,1.88112
0.01384,0.10989,1.88112
0.01384,0.10989,1.88112
0.01384,0.10989,1.88112
0.01384,0.10989,1.88112
0.01384,0.10989,1.88112
0.01384,0.10989,1.88112
0.01384,0.10989,1.88112
0.01384,0.10989,1.88112
0.01384,0.10989,1.88112
0.01384,0.10989,1.88112
0.01384,0.10989,1.88112
0.01384,0.10989,1.88112
0.01384,0.10989,1.88112
0.01384,0.10989,1.88112
0.01384,0.10989,1.88112
0.01384,0.10989,1.88112
0.01384,0.10989,1.88112
0.01384,0.10989,1.88112
0.01384,0.10989,1.88112
0.01384,0.10989,1.88112
0.01384,0.10989,1.88112
0.01384,0.10989,1.88112
0.01384,0.10989,1.88112
0.01384,0.10989,1.88112
0.01384,0.10989,1.88112
0.01384,0.10989,1.88112
0.01384,0.10989,1.88112
0.01384,0.10989,1.88112
0.01384,0.10989,1.88112
0.01384,0.10989,1.88112
0.01384,0.10989,1.88112
0.01384,0.10989,1.88112
0.01384,0.10989,1.88112
0.01384,0.10989,1.88112
0.01384,0.10989,1.88112
0.01384,0.10989,1.88112
0.01384,0.10989,1.88112
0.01384,0.10989,1.88112
0.01384,0.10989,1.88112
0.01384,0.10989,1.88112
0.01384,0.10989,1.88112
0.01384,0.10989,1.88112
0.01384,0.10989,1.88112
0.01384,0.10989,1.88112
0.01384,0.10989,1.88112
0.01384,0.10989,1.88112
0.01384,0.10989,1.88112
0.01384,0.10989,1.88112
0.01384,0.10989,1.88112
0.01384,0.10989,1.88112
0.01384,0.10989,1.88112
0.01384,0.10989,1.88112
0.01384,0.10989,1.88112
0.01384,0.10989,1.88112
0.01384,0.10989,1.88112
0.01384,0.10989,1.88112
0.01384,0.10989,1.88112
0.01384,0.10989,1.88112
0.01384,0.10989,1.88112
0.01384,0.10989,1.88112
0.01384,0.10989,1.88112
0.01384,0.10989,1.88112
0.01384,0.10989,1.88112
0.01384,0.10989,1.88112
0.01384,0.10989,1.88112
0.01384,0.10989,1.88112
0.01384,0.10989,1.88112
0.01384,0.10989,1.88112
0.01384,0.10989,1.88112
0.01384,0.10989,1.88112
0.01384,0.10989,1.88112
0.01384,0.10989,1.88112
0.01384,0.10989,1.88112
0.01384,0.10989,1.88112
0.01384,0.10989,1.88112
0.01384,0.10989,1.88112
0.01384,0.10989,1.88112
0.01384,0.10989,1.88112
0.01384,0.10989,1.88112
0.01384,0.10989,1.88112
0.01384,0.10989,1.88112
0.01384,0.10989,1.88112
0.01384,0.10989,1.88112
0.01384,0.10989,1.88112
0.01384,0.10989,1.88112
0.01384,0.10989,1.88112
0.01384,0.10989,1.88112
0.01384,0.10989,1.88112
0.01384,0.10989,1.88112
0.01384,0.10989,1.88112
0.01384,0.10989,1.88112
0.01384,0.10989,1.88112
0.01384,0.10989,1.88112
0.01384,0.10989,1.88112
0.01384,0.10989,1.88112
0.01384,0.10989,1.88112
0.01384,0.10989,1.88112
0.01384,0.10989,1.88112
0.01384,0.10989,1.88112
0.01384,0.10989,1.88112
0.01384,0.10989,1.88112
0.01384,0.10989,1.88112
0.01384,0.10989,1.88112
0.01384,0.10989,1.88112
0.01384,0.10989,1.88112
0.01384,0.10989,1.88112
0.01384,0.10989,1.88112
0.01384,0.10989,1.88112
0.01384,0.10989,1.88112
0.01384,0.10989,1.88112
0.01384,0.10989,1.88112
0.01384,0.10989,1.88112
0.01384,0.10989,1.88112
0.01384,0.10989,1.88112
0.01384,0.10989,1.88112
0.01384,0.10989,1.88112
0.01384,0.10989,1.88112
0.01384,0.10989,1.88112
0.01384,0.10989,1.88112
0.01384,0.10989,1.88112
0.01384,0.10989,1.88112
0.01384,0.10989,1.88112
0.01384,0.10989,1.88112
0.01384,0.10989,1.88112
0.01384,0.10989,1.88112
0.01384,0.10989,1.88112
0.01384,0.10989,1.88112
0.01384,0.10989,1.88112
0.01384,0.10989,1.88112
0.01384,0.10989,1.88112
0.01384,0.10989,1.88112
0.01384,0.10989,1.88112
0.01384,0.10989,1.88112
0.01384,0.10989,1.88112
0.01384,0.10989,1.88112
0.01384,0.10989,1.88112
0.01384,0.10989,1.88112
0.01384,0.10989,1.88112
0.01384,0.10989,1.88112
0.01384,0.10989,1.88112
0.01384,0.10989,1.88112
0.01384,0.10989,1.88112
0.01384,0.10989,1.88112
0.01384,0.10989,1.88112
0.01384,0.10989,1.88112
0.01384,0.10989,1.88112
0.01384,0.10989,1.88112
0.01384,0.10989,1.88112
0.01384,0.10989,1.88112
0.01384,0.10989,1.88112
0.01384,0.10989,1.88112
0.01384,0.10989,1.88112
0.01384,0.10989,1.88112
0.01384,0.10989,1.88112
0.01384,0.10989,1.88112
0.01384,0.10989,1.88112
0.01384,0.10989,1.88112
0.01384,0.10989,1.88112
0.01384,0.10989,1.88112
0.01384,0.10989,1.88112
0.01384,0.10989,1.88112
0.01384,0.10989,1.88112
0.01384,0.10989,1.88112
0.01384,0.10989,1.88112
0.01384,0.10989,1.88112
0.01384,0.10989,1.88112
0.01384,0.10989,1.88112
0.01384,0.10989,1.88112
0.01384,0.10989,1.88112
0.01384,0.10989,1.88112
0.01384,0.10989,1.88112
0.01384,0.10989,1.88112
0.01384,0.10989,1.88112
0.01384,0.10989,1.88112
0.01384,0.10989,1.88112
0.01384,0.10989,1.88112
0.01384,0.10989,1.88112
0.01384,0.10989,1.88112
0.01384,0.10989,1.88112
0.01384,0.10989,1.88112
0.01384,0.10989,1.88112
0.01384,0.10989,1.88112
0.01384,0.10989,1.88112
0.01384,0.10989,1.88112
0.01384,0.10989,1.88112
0.01384,0.10989,1.88112
0.01384,0.10989,1.88112
0.01384,0.10989,1.88112
0.01384,0.10989,1.88112
0.01384,0.10989,1.88112
0.01384,0.10989,1.88112
0.01384,0.10989,1.88112
0.01384,0.10989,1.88112
0.01384,0.10989,1.88112
0.01384,0.10989,1.88112
0.01384,0.10989,1.88112
0.01384,0.10989,1.88112
0.01384,0.10989,1.88112
0.01384,0.10989,1.88112
0.01384,0.10989,1.88112
0.01384,0.10989,1.88112
0.01384,0.10989,1.88112
0.01384,0.10989,1.88112
0.01384,0.10989,1.88112
0.01384,0.10989,1.88112
0.01384,0.10989,1.88112
0.01384,0.10989,1.88112
0.01384,0.10989,1.88112
0.01384,0.10989,1.88112
0.01384,0.10989,1.88112
0.01384,0.10989,1.88112
0.01384,0.10989,1.88112
0.01384,0.10989,1.88112
0.01384,0.10989,1.88112
0.01384,0.10989,1.88112
0.01384,0.10989,1.88112
0.01384,0.10989,1.88112
0.01384,0.10989,1.88112
0.01384,0.10989,1.88112
0.01384,0.10989,1.88112
0.01384,0.10989,1.88112
0.01384,0.10989,1.88112
0.01384,0.10989,1.88112
0.01384,0.10989,1.88112
0.01384,0.10989,1.88112
0.01384,0.10989,1.88112
0.01384,0.10989,1.88112
0.01384,0.10989,1.88112
0.01384,0.10989,1.88112
0.01384,0.10989,1.88112
0.01384,0.10989,1.88112
0.01384,0.10989,1.88112
0.01384,0.10989,1.88112
0.01384,0.10989,1.88112
0.01384,0.10989,1.88112
0.01384,0.10989,1.88112
0.01384,0.10989,1.88112
0.01384,0.10989,1.88112
0.01384,0.10989,1.88112
0.01384,0.10989,1.88112
0.01384,0.10989,1.88112
0.01384,0.10989,1.88112
0.01384,0.10989,1.88112
0.01384,0.10989,1.88112
0.01384,0.10989,1.88112
0.01384,0.10989,1.88112
0.01384,0.10989,1.88112
0.01384,0.10989,1.88112
0.01384,0.10989,1.88112
0.01384,0.10989,1.88112
0.01384,0.10989,1.88112
0.01384,0.10989,1.88112
0.01384,0.10989,1.88112
0.01384,0.10989,1.88112
0.01384,0.10989,1.88112
0.01384,0.10989,1.88112
0.01384,0.10989,1.88112
0.01384,0.10989,1.88112
0.01384,0.10989,1.88112
0.01384,0.10989,1.88112
0.01384,0.10989,1.88112
0.01384,0.10989,1.88112
0.01384,0.10989,1.88112
0.01384,0.10989,1.88112
0.01384,0.10989,1.88112
0.01384,0.10989,1.88112
0.01384,0.10989,1.88112
0.01384,0.10989,1.88112
0.01384,0.10989,1.88112
0.01384,0.10989,1.88112
0.01384,0.10989,1.88112
0.01384,0.10989,1.88112
0.01384,0.10989,1.88112
0.01384,0.10989,1.88112
0.01384,0.10989,1.88112
0.01384,0.10989,1.88112
0.01384,0.10989,1.88112
0.01384,0.10989,1.88112
0.01384,0.10989,1.88112
0.01384,0.10989,1.88112
0.01384,0.10989,1.88112
0.01384,0.10989,1.88112
0.01384,0.10989,1.88112
0.01384,0.10989,1.88112
0.01384,0.10989,1.88112
0.01384,0.10989,1.88112
0.01384,0.10989,1.88112
0.01384,0.10989,1.88112
0.01384,0.10989,1.88112
0.01384,0.10989,1.88112
0.01384,0.10989,1.88112
0.01384,0.10989,1.88112
0.01384,0.10989,1.88112
0.01384,0.10989,1.88112
0.01384,0.10989,1.88112
0.01384,0.10989,1.88112
0.01384,0.10989,1.88112
0.01384,0.10989,1.88112
0.01384,0.10989,1.88112
0.01384,0.10989,1.88112
0.01384,0.10989,1.88112
0.01384,0.10989,1.88112
0.01384,0.10989,1.88112
0.01384,0.10989,1.88112
0.01384,0.10989,1.88112
0.01384,0.10989,1.88112
0.01384,0.10989,1.88112
0.01384,0.10989,1.88112
0.01384,0.10989,1.88112
0.01384,0.10989,1.88112
0.01384,0.10989,1.88112
0.01384,0.10989,1.88112
0.01384,0.10989,1.88112
0.01384,0.10989,1.88112
0.01384,0.10989,1.88112
0.01384,0.10989,1.88112
0.01384,0.10989,1.88112
0.01384,0.10989,1.88112
0.01384,0.10989,1.88112
0.01384,0.10989,1.88112
0.01384,0.10989,1.88112
0.01384,0.10989,1.88112
0.01384,0.10989,1.88112
0.01384,0.10989,1.88112
0.01384,0.10989,1.88112
0.01384,0.10989,1.88112
0.01384,0.10989,1.88112
0.01384,0.10989,1.88112
0.01384,0.10989,1.88112
0.01384,0.10989,1.88112
0.01384,0.10989,1.88112
0.01384,0.10989,1.88112
0.01384,0.10989,1.88112
0.01384,0.10989,1.88112
0.01384,0.10989,1.88112
0.01384,0.10989,1.88112
0.01384,0.10989,1.88112
0.01384,0.10989,1.88112
0.01384,0.10989,1.88112
0.01384,0.10989,1.88112
0.01384,0.10989,1.88112
0.01384,0.10989,1.88112
0.01384,0.10989,1.88112
0.01384,0.10989,1.88112
0.01384,0.10989,1.88112
0.01384,0.10989,1.88112
0.01384,0.10989,1.88112
0.01384,0.10989,1.88112
0.01384,0.10989,1.88112
0.01384,0.10989,1.88112
0.01384,0.10989,1.88112
0.01384,0.10989,1.88112
0.01384,0.10989,1.88112
0.01384,0.10989,1.88112
0.01384,0.10989,1.88112
0.01384,0.10989,1.88112
0.01384,0.10989,1.88112
0.01384,0.10989,1.88112
0.01384,0.10989,1.88112
0.01384,0.10989,1.88112
0.01384,0.10989,1.88112
0.01384,0.10989,1.88112
0.01384,0.10989,1.88112
0.01384,0.10989,1.88112
0.01384,0.10989,1.88112
0.01384,0.10989,1.88112
0.01384,0.10989,1.88112
0.01384,0.10989,1.88112
0.01384,0.10989,1.88112
0.01384,0.10989,1.88112
0.01384,0.10989,1.88112
0.01384,0.10989,1.88112
0.01384,0.10989,1.88112
0.01384,0.10989,1.88112
0.01384,0.10989,1.88112
0.01384,0.10989,1.88112
0.01384,0.10989,1.88112
0.01384,0.10989,1.88112
0.01384,0.10989,1.88112
0.01384,0.10989,1.88112
0.01384,0.10989,1.88112
0.01384,0.10989,1.88112
0.01384,0.10989,1.88112
0.01384,0.10989,1.88112
0.01384,0.10989,1.88112
0.01384,0.10989,1.88112
0.01529,0.08994,1.89491
0.01529,0.08994,1.89491
0.01529,0.08994,1.89491
0.01529,0.08994,1.89491
0.01529,0.08994,1.89491
0.01529,0.08994,1.89491
0.01529,0.08994,1.89491
0.01529,0.08994,1.89491
0.01529,0.08994,1.89491
0.01529,0.08994,1.89491
0.01529,0.08994,1.89491
0.01529,0.08994,1.89491
0.01529,0.08994,1.89491
0.01529,0.08994,1.89491
0.01529,0.08994,1.89491
0.01529,0.08994,1.89491
0.01529,0.08994,1.89491
0.01529,0.08994,1.89491
0.01529,0.08994,1.89491
0.01529,0.08994,1.89491
0.01529,0.08994,1.89491
0.01529,0.08994,1.89491
0.01529,0.08994,1.89491
0.01529,0.08994,1.89491
0.01529,0.08994,1.89491
0.01529,0.08994,1.89491
0.01529,0.08994,1.89491
0.01529,0.08994,1.89491
0.01529,0.08994,1.89491
0.01529,0.08994,1.89491
0.01529,0.08994,1.89491
0.01529,0.08994,1.89491
0.01529,0.08994,1.89491
0.01529,0.08994,1.89491
0.01529,0.08994,1.89491
0.01529,0.08994,1.89491
0.01529,0.08994,1.89491
0.01529,0.08994,1.89491
0.01529,0.08994,1.89491
0.01529,0.08994,1.89491
0.01529,0.08994,1.89491
0.01529,0.08994,1.89491
0.01529,0.08994,1.89491
0.01529,0.08994,1.89491
0.01529,0.08994,1.89491
0.01529,0.08994,1.89491
0.01529,0.08994,1.89491
0.01529,0.08994,1.89491
0.01529,0.08994,1.89491
0.01529,0.08994,1.89491
0.01529,0.08994,1.89491
0.01529,0.08994,1.89491
0.01529,0.08994,1.89491
0.01529,0.08994,1.89491
0.01529,0.08994,1.89491
0.01529,0.08994,1.89491
0.01529,0.08994,1.89491
0.01529,0.08994,1.89491
0.01529,0.08994,1.89491
0.01529,0.08994,1.89491
0.01529,0.08994,1.89491
0.01529,0.08994,1.89491
0.01529,0.08994,1.89491
0.01529,0.08994,1.89491
0.01529,0.08994,1.89491
0.01529,0.08994,1.89491
0.01529,0.08994,1.89491
0.01529,0.08994,1.89491
0.01529,0.08994,1.89491
0.01529,0.08994,1.89491
0.01529,0.08994,1.89491
0.01529,0.08994,1.89491
0.01529,0.08994,1.89491
0.01529,0.08994,1.89491
0.01529,0.08994,1.89491
0.01529,0.08994,1.89491
0.01529,0.08994,1.89491
0.01529,0.08994,1.89491
0.01529,0.08994,1.89491
0.01529,0.08994,1.89491
0.01529,0.08994,1.89491
0.01529,0.08994,1.89491
0.01529,0.08994,1.89491
0.01529,0.08994,1.89491
0.01529,0.08994,1.89491
0.01529,0.08994,1.89491
0.01529,0.08994,1.89491
0.01529,0.08994,1.89491
0.01529,0.08994,1.89491
0.01529,0.08994,1.89491
0.01529,0.08994,1.89491
0.01529,0.08994,1.89491
0.01529,0.08994,1.89491
0.01529,0.08994,1.89491
0.01529,0.08994,1.89491
0.01529,0.08994,1.89491
0.01529,0.08994,1.89491
0.01529,0.08994,1.89491
0.01529,0.08994,1.89491
0.01529,0.08994,1.89491
0.01529,0.08994,1.89491
0.01529,0.08994,1.89491
0.01529,0.08994,1.89491
0.01529,0.08994,1.89491
0.01529,0.08994,1.89491
0.01529,0.08994,1.89491
0.01529,0.08994,1.89491
0.01529,0.08994,1.89491
0.01529,0.08994,1.89491
0.01529,0.08994,1.89491
0.01529,0.08994,1.89491
0.01529,0.08994,1.89491
0.01529,0.08994,1.89491
0.01529,0.08994,1.89491
0.01529,0.08994,1.89491
0.01529,0.08994,1.89491
0.01529,0.08994,1.89491
0.01529,0.08994,1.89491
0.01529,0.08994,1.89491
0.01529,0.08994,1.89491
0.01529,0.08994,1.89491
0.01529,0.08994,1.89491
0.01529,0.08994,1.89491
0.01529,0.08994,1.89491
0.01529,0.08994,1.89491
0.01529,0.08994,1.89491
0.01529,0.08994,1.89491
0.01529,0.08994,1.89491
0.01529,0.08994,1.89491
0.01529,0.08994,1.89491
0.01529,0.08994,1.89491
0.01529,0.08994,1.89491
0.01529,0.08994,1.89491
0.01529,0.08994,1.89491
0.01529,0.08994,1.89491
0.01529,0.08994,1.89491
0.01529,0.08994,1.89491
0.01529,0.08994,1.89491
0.01529,0.08994,1.89491
0.01529,0.08994,1.89491
0.01529,0.08994,1.89491
0.01529,0.08994,1.89491
0.01529,0.08994,1.89491
0.01529,0.08994,1.89491
0.01529,0.08994,1.89491
0.01529,0.08994,1.89491
0.01529,0.08994,1.89491
0.01529,0.08994,1.89491
0.01529,0.08994,1.89491
0.01529,0.08994,1.89491
0.01529,0.08994,1.89491
0.01529,0.08994,1.89491
0.01529,0.08994,1.89491
0.01529,0.08994,1.89491
0.01529,0.08994,1.89491
0.01529,0.08994,1.89491
0.01529,0.08994,1.89491
0.01529,0.08994,1.89491
0.01529,0.08994,1.89491
0.01529,0.08994,1.89491
0.01529,0.08994,1.89491
0.01529,0.08994,1.89491
0.01529,0.08994,1.89491
0.01529,0.08994,1.89491
0.01529,0.08994,1.89491
0.01529,0.08994,1.89491
0.01529,0.08994,1.89491
0.01529,0.08994,1.89491
0.01529,0.08994,1.89491
0.01529,0.08994,1.89491
0.01529,0.08994,1.89491
0.01529,0.08994,1.89491
0.01529,0.08994,1.89491
0.01529,0.08994,1.89491
0.01529,0.08994,1.89491
0.01529,0.08994,1.89491
0.01529,0.08994,1.89491
0.01529,0.08994,1.89491
0.01529,0.08994,1.89491
0.01529,0.08994,1.89491
0.01529,0.08994,1.89491
0.01529,0.08994,1.89491
0.01529,0.08994,1.89491
0.01529,0.08994,1.89491
0.01529,0.08994,1.89491
0.01529,0.08994,1.89491
0.01529,0.08994,1.89491
0.01529,0.08994,1.89491
0.01529,0.08994,1.89491
0.01529,0.08994,1.89491
0.01529,0.08994,1.89491
0.01529,0.08994,1.89491
0.01529,0.08994,1.89491
0.01529,0.08994,1.89491
0.01529,0.08994,1.89491
0.01529,0.08994,1.89491
0.01529,0.08994,1.89491
0.01529,0.08994,1.89491
0.01529,0.08994,1.89491
0.01529,0.08994,1.89491
0.01529,0.08994,1.89491
0.01529,0.08994,1.89491
0.01529,0.08994,1.89491
0.01529,0.08994,1.89491
0.01529,0.08994,1.89491
0.01529,0.08994,1.89491
0.01529,0.08994,1.89491
0.01529,0.08994,1.89491
0.01529,0.08994,1.89491
0.01529,0.08994,1.89491
0.01529,0.08994,1.89491
0.01529,0.08994,1.89491
0.01529,0.08994,1.89491
0.01529,0.08994,1.89491
0.01529,0.08994,1.89491
0.01529,0.08994,1.89491
0.01529,0.08994,1.89491
0.01529,0.08994,1.89491
0.01529,0.08994,1.89491
0.01529,0.08994,1.89491
0.01529,0.08994,1.89491
0.01529,0.08994,1.89491
0.01529,0.08994,1.89491
0.01529,0.08994,1.89491
0.01529,0.08994,1.89491
0.01529,0.08994,1.89491
0.01529,0.08994,1.89491
0.01529,0.08994,1.89491
0.01529,0.08994,1.89491
0.01529,0.08994,1.89491
0.01529,0.08994,1.89491
0.01529,0.08994,1.89491
0.01529,0.08994,1.89491
0.01529,0.08994,1.89491
0.01529,0.08994,1.89491
0.01529,0.08994,1.89491
0.01529,0.08994,1.89491
0.01529,0.08994,1.89491
0.01529,0.08994,1.89491
0.01529,0.08994,1.89491
0.01529,0.08994,1.89491
0.01529,0.08994,1.89491
0.01529,0.08994,1.89491
0.01529,0.08994,1.89491
0.01529,0.08994,1.89491
0.01529,0.08994,1.89491
0.01529,0.08994,1.89491
0.01529,0.08994,1.89491
0.01529,0.08994,1.89491
0.01529,0.08994,1.89491
0.01529,0.08994,1.89491
0.01529,0.08994,1.89491
0.01529,0.08994,1.89491
0.01529,0.08994,1.89491
0.01529,0.08994,1.89491
0.01529,0.08994,1.89491
0.01529,0.08994,1.89491
0.01529,0.08994,1.89491
0.01529,0.08994,1.89491
0.01529,0.08994,1.89491
0.01529,0.08994,1.89491
0.01529,0.08994,1.89491
0.01529,0.08994,1.89491
0.01529,0.08994,1.89491
0.01529,0.08994,1.89491
0.01529,0.08994,1.89491
0.01529,0.08994,1.89491
0.01529,0.08994,1.89491
0.01529,0.08994,1.89491
0.01529,0.08994,1.89491
0.01529,0.08994,1.89491
0.01529,0.08994,1.89491
0.01529,0.08994,1.89491
0.01529,0.08994,1.89491
0.01529,0.08994,1.89491
0.01529,0.08994,1.89491
0.01529,0.08994,1.89491
0.01529,0.08994,1.89491
0.01529,0.08994,1.89491
0.01529,0.08994,1.89491
0.01529,0.08994,1.89491
0.01529,0.08994,1.89491
0.01529,0.08994,1.89491
0.01529,0.08994,1.89491
0.01529,0.08994,1.89491
0.01529,0.08994,1.89491
0.01529,0.08994,1.89491
0.01529,0.08994,1.89491
0.01529,0.08994,1.89491
0.01529,0.08994,1.89491
0.01529,0.08994,1.89491
0.01529,0.08994,1.89491
0.01529,0.08994,1.89491
0.01529,0.08994,1.89491
0.01529,0.08994,1.89491
0.01529,0.08994,1.89491
0.01529,0.08994,1.89491
0.01529,0.08994,1.89491
0.01529,0.08994,1.89491
0.01529,0.08994,1.89491
0.01529,0.08994,1.89491
0.01529,0.08994,1.89491
0.01529,0.08994,1.89491
0.01529,0.08994,1.89491
0.01529,0.08994,1.89491
0.01529,0.08994,1.89491
0.01529,0.08994,1.89491
0.01529,0.08994,1.89491
0.01529,0.08994,1.89491
0.01529,0.08994,1.89491
0.01529,0.08994,1.89491
0.01529,0.08994,1.89491
0.01529,0.08994,1.89491
0.01529,0.08994,1.89491
0.01529,0.08994,1.89491
0.01529,0.08994,1.89491
0.01529,0.08994,1.89491
0.01529,0.08994,1.89491
0.01529,0.08994,1.89491
0.01529,0.08994,1.89491
0.01529,0.08994,1.89491
0.01529,0.08994,1.89491
0.01529,0.08994,1.89491
0.01529,0.08994,1.89491
0.01529,0.08994,1.89491
0.01529,0.08994,1.89491
0.01529,0.08994,1.89491
0.01529,0.08994,1.89491
-0.00611,0.10844,1.90310
-0.00611,0.10844,1.90310
-0.00611,0.10844,1.90310
-0.00611,0.10844,1.90310
-0.00611,0.10844,1.90310
-0.00611,0.10844,1.90310
-0.00611,0.10844,1.90310
-0.00611,0.10844,1.90310
-0.00611,0.10844,1.90310
-0.00611,0.10844,1.90310
-0.00611,0.10844,1.90310
-0.00611,0.10844,1.90310
-0.00611,0.10844,1.90310
-0.00611,0.10844,1.90310
-0.00611,0.10844,1.90310
-0.00611,0.10844,1.90310
-0.00611,0.10844,1.90310
-0.00611,0.10844,1.90310
-0.00611,0.10844,1.90310
-0.00611,0.10844,1.90310
-0.00611,0.10844,1.90310
-0.00611,0.10844,1.90310
-0.00611,0.10844,1.90310
-0.00611,0.10844,1.90310
-0.00611,0.10844,1.90310
-0.00611,0.10844,1.90310
-0.00611,0.10844,1.90310
-0.00611,0.10844,1.90310
-0.00611,0.10844,1.90310
-0.00611,0.10844,1.90310
-0.00611,0.10844,1.90310
-0.00611,0.10844,1.90310
-0.00611,0.10844,1.90310
-0.00611,0.10844,1.90310
-0.00611,0.10844,1.90310
-0.00611,0.10844,1.90310
-0.00611,0.10844,1.90310
-0.00611,0.10844,1.90310
-0.00611,0.10844,1.90310
-0.00611,0.10844,1.90310
-0.00611,0.10844,1.90310
-0.00611,0.10844,1.90310
-0.00611,0.10844,1.90310
-0.00611,0.10844,1.90310
-0.00611,0.10844,1.90310
-0.00611,0.10844,1.90310
-0.00611,0.10844,1.90310
-0.00611,0.10844,1.90310
-0.00611,0.10844,1.90310
-0.00611,0.10844,1.90310
-0.00611,0.10844,1.90310
-0.00611,0.10844,1.90310
-0.00611,0.10844,1.90310
-0.00611,0.10844,1.90310
-0.00611,0.10844,1.90310
-0.00611,0.10844,1.90310
-0.00611,0.10844,1.90310
-0.00611,0.10844,1.90310
-0.00611,0.10844,1.90310
-0.00611,0.10844,1.90310
-0.00611,0.10844,1.90310
-0.00611,0.10844,1.90310
-0.00611,0.10844,1.90310
-0.00611,0.10844,1.90310
-0.00611,0.10844,1.90310
-0.00611,0.10844,1.90310
-0.00611,0.10844,1.90310
-0.00611,0.10844,1.90310
-0.00611,0.10844,1.90310
-0.00611,0.10844,1.90310
-0.00611,0.10844,1.90310
-0.00611,0.10844,1.90310
-0.00611,0.10844,1.90310
-0.00611,0.10844,1.90310
-0.00611,0.10844,1.90310
-0.00611,0.10844,1.90310
-0.00611,0.10844,1.90310
-0.00611,0.10844,1.90310
-0.00611,0.10844,1.90310
-0.00611,0.10844,1.90310
-0.00611,0.10844,1.90310
-0.00611,0.10844,1.90310
-0.00611,0.10844,1.90310
-0.00611,0.10844,1.90310
-0.00611,0.10844,1.90310
-0.00611,0.10844,1.90310
-0.00611,0.10844,1.90310
-0.00611,0.10844,1.90310
-0.00611,0.10844,1.90310
-0.00611,0.10844,1.90310
-0.00611,0.10844,1.90310
-0.00611,0.10844,1.90310
-0.00611,0.10844,1.90310
-0.00611,0.10844,1.90310
-0.00611,0.10844,1.90310
-0.00611,0.10844,1.90310
-0.00611,0.10844,1.90310
-0.00611,0.10844,1.90310
-0.00611,0.10844,1.90310
-0.00611,0.10844,1.90310
-0.00611,0.10844,1.90310
-0.00611,0.10844,1.90310
-0.00611,0.10844,1.90310
-0.00611,0.10844,1.90310
-0.00611,0.10844,1.90310
-0.00611,0.10844,1.90310
-0.00611,0.10844,1.90310
-0.00611,0.10844,1.90310
-0.00611,0.10844,1.90310
-0.00611,0.10844,1.90310
-0.00611,0.10844,1.90310
-0.00611,0.10844,1.90310
-0.00611,0.10844,1.90310
-0.00611,0.10844,1.90310
-0.00611,0.10844,1.90310
-0.00611,0.10844,1.90310
-0.00611,0.10844,1.90310
-0.00611,0.10844,1.90310
-0.00611,0.10844,1.90310
-0.00611,0.10844,1.90310
-0.00611,0.10844,1.90310
-0.00611,0.10844,1.90310
-0.00611,0.10844,1.90310
-0.00611,0.10844,1.90310
-0.00611,0.10844,1.90310
-0.00611,0.10844,1.90310
-0.00611,0.10844,1.90310
-0.00611,0.10844,1.90310
-0.00611,0.10844,1.90310
-0.00611,0.10844,1.90310
-0.00611,0.10844,1.90310
-0.00611,0.10844,1.90310
-0.00611,0.10844,1.90310
-0.00611,0.10844,1.90310
-0.00611,0.10844,1.90310
-0.00611,0.10844,1.90310
-0.00611,0.10844,1.90310
-0.00611,0.10844,1.90310
-0.00611,0.10844,1.90310
-0.00611,0.10844,1.90310
-0.00611,0.10844,1.90310
-0.00611,0.10844,1.90310
-0.00611,0.10844,1.90310
-0.00611,0.10844,1.90310
-0.00611,0.10844,1.90310
-0.00611,0.10844,1.90310
-0.00611,0.10844,1.90310
-0.00611,0.10844,1.90310
-0.00611,0.10844,1.90310
-0.00611,0.10844,1.90310
-0.00611,0.10844,1.90310
-0.00611,0.10844,1.90310
-0.00611,0.10844,1.90310
-0.00611,0.10844,1.90310
-0.00611,0.10844,1.90310
-0.00611,0.10844,1.90310
-0.00611,0.10844,1.90310
-0.00611,0.10844,1.90310
-0.00611,0.10844,1.90310
-0.00611,0.10844,1.90310
-0.00611,0.10844,1.90310
-0.00611,0.10844,1.90310
-0.00611,0.10844,1.90310
-0.00611,0.10844,1.90310
-0.00611,0.10844,1.90310
-0.00611,0.10844,1.90310
-0.00611,0.10844,1.90310
-0.00611,0.10844,1.90310
-0.00611,0.10844,1.90310
-0.00611,0.10844,1.90310
-0.00611,0.10844,1.90310
-0.00611,0.10844,1.90310
-0.00611,0.10844,1.90310
-0.00611,0.10844,1.90310
-0.00611,0.10844,1.90310
-0.00611,0.10844,1.90310
-0.00611,0.10844,1.90310
-0.00611,0.10844,1.90310
-0.00611,0.10844,1.90310
-0.00611,0.10844,1.90310
-0.00611,0.10844,1.90310
-0.00611,0.10844,1.90310
-0.00611,0.10844,1.90310
-0.00611,0.10844,1.90310
-0.00611,0.10844,1.90310
-0.00611,0.10844,1.90310
-0.00611,0.10844,1.90310
-0.00611,0.10844,1.90310
-0.00611,0.10844,1.90310
-0.00611,0.10844,1.90310
-0.00611,0.10844,1.90310
-0.00611,0.10844,1.90310
-0.00611,0.10844,1.90310
-0.00611,0.10844,1.90310
-0.00611,0.10844,1.90310
-0.00611,0.10844,1.90310
-0.00611,0.10844,1.90310
-0.00611,0.10844,1.90310
-0.00611,0.10844,1.90310
-0.00611,0.10844,1.90310
-0.00611,0.10844,1.90310
-0.00611,0.10844,1.90310
-0.00611,0.10844,1.90310
-0.00611,0.10844,1.90310
-0.00611,0.10844,1.90310
-0.00611,0.10844,1.90310
-0.00611,0.10844,1.90310
-0.00611,0.10844,1.90310
-0.00611,0.10844,1.90310
-0.00611,0.10844,1.90310
-0.00611,0.10844,1.90310
-0.00611,0.10844,1.90310
-0.00611,0.10844,1.90310
-0.00611,0.10844,1.90310
-0.00611,0.10844,1.90310
-0.00611,0.10844,1.90310
-0.00611,0.10844,1.90310
-0.00611,0.10844,1.90310
-0.00611,0.10844,1.90310
-0.00611,0.10844,1.90310
-0.00611,0.10844,1.90310
-0.00611,0.10844,1.90310
-0.00611,0.10844,1.90310
-0.00611,0.10844,1.90310
-0.00611,0.10844,1.90310
-0.00611,0.10844,1.90310
-0.00611,0.10844,1.90310
-0.00611,0.10844,1.90310
-0.00611,0.10844,1.90310
-0.00611,0.10844,1.90310
-0.00611,0.10844,1.90310
-0.00611,0.10844,1.90310
-0.00611,0.10844,1.90310
-0.00611,0.10844,1.90310
-0.00611,0.10844,1.90310
-0.00611,0.10844,1.90310
-0.00611,0.10844,1.90310
-0.00611,0.10844,1.90310
-0.00611,0.10844,1.90310
-0.00611,0.10844,1.90310
-0.00611,0.10844,1.90310
-0.00611,0.10844,1.90310
-0.00611,0.10844,1.90310
-0.00611,0.10844,1.90310
-0.00611,0.10844,1.90310
-0.00611,0.10844,1.90310
-0.00611,0.10844,1.90310
-0.00611,0.10844,1.90310
-0.00611,0.10844,1.90310
-0.00611,0.10844,1.90310
-0.00611,0.10844,1.90310
-0.00611,0.10844,1.90310
-0.00611,0.10844,1.90310
-0.00611,0.10844,1.90310
-0.00611,0.10844,1.90310
-0.00611,0.10844,1.90310
-0.00611,0.10844,1.90310
-0.00611,0.10844,1.90310
-0.00611,0.10844,1.90310
-0.00611,0.10844,1.90310
-0.00611,0.10844,1.90310
-0.00611,0.10844,1.90310
-0.00611,0.10844,1.90310
-0.00611,0.10844,1.90310
-0.00611,0.10844,1.90310
-0.00611,0.10844,1.90310
-0.00611,0.10844,1.90310
-0.00611,0.10844,1.90310
-0.00611,0.10844,1.90310
-0.00611,0.10844,1.90310
-0.00611,0.10844,1.90310
-0.00611,0.10844,1.90310
-0.00611,0.10844,1.90310
-0.00611,0.10844,1.90310
-0.00611,0.10844,1.90310
-0.00611,0.10844,1.90310
-0.00611,0.10844,1.90310
-0.00611,0.10844,1.90310
-0.00611,0.10844,1.90310
-0.00611,0.10844,1.90310
-0.00611,0.10844,1.90310
-0.00611,0.10844,1.90310
-0.00611,0.10844,1.90310
-0.00611,0.10844,1.90310
-0.00611,0.10844,1.90310
-0.00611,0.10844,1.90310
-0.00611,0.10844,1.90310
-0.00611,0.10844,1.90310
-0.00611,0.10844,1.90310
-0.00611,0.10844,1.90310
-0.00611,0.10844,1.90310
-0.00611,0.10844,1.90310
-0.00611,0.10844,1.90310
-0.00611,0.10844,1.90310
-0.00611,0.10844,1.90310
-0.00611,0.10844,1.90310
-0.00611,0.10844,1.90310
-0.00611,0.10844,1.90310
-0.00611,0.10844,1.90310
-0.00611,0.10844,1.90310
-0.00611,0.10844,1.90310
-0.00611,0.10844,1.90310
-0.00611,0.10844,1.90310
-0.00611,0.10844,1.90310
-0.00611,0.10844,1.90310
-0.00611,0.10844,1.90310
-0.00611,0.10844,1.90310
-0.00611,0.10844,1.90310
-0.00611,0.10844,1.90310
-0.00611,0.10844,1.90310
-0.00611,0.10844,1.90310
-0.00611,0.10844,1.90310
-0.00611,0.10844,1.90310
-0.00611,0.10844,1.90310
-0.00611,0.10844,1.90310
-0.00611,0.10844,1.90310
-0.00611,0.10844,1.90310
-0.00611,0.10844,1.90310
-0.00611,0.10844,1.90310
-0.00611,0.10844,1.90310
-0.00611,0.10844,1.90310
-0.00611,0.10844,1.90310
-0.00611,0.10844,1.90310
-0.00611,0.10844,1.90310
-0.00611,0.10844,1.90310
-0.00611,0.10844,1.90310
-0.00611,0.10844,1.90310
-0.00611,0.10844,1.90310
-0.00611,0.10844,1.90310
-0.00611,0.10844,1.90310
-0.00611,0.10844,1.90310
-0.00611,0.10844,1.90310
-0.00611,0.10844,1.90310
-0.00611,0.10844,1.90310
-0.00611,0.10844,1.90310
-0.00611,0.10844,1.90310
-0.00611,0.10844,1.90310
-0.00611,0.10844,1.90310
-0.00611,0.10844,1.90310
-0.00611,0.10844,1.90310
-0.00611,0.10844,1.90310
-0.00611,0.10844,1.90310
-0.00611,0.10844,1.90310
-0.00611,0.10844,1.90310
-0.00611,0.10844,1.90310
-0.00611,0.10844,1.90310
-0.00611,0.10844,1.90310
-0.00611,0.10844,1.90310
-0.00611,0.10844,1.90310
-0.00611,0.10844,1.90310
-0.00611,0.10844,1.90310
-0.00611,0.10844,1.90310
-0.00611,0.10844,1.90310
-0.00611,0.10844,1.90310
-0.00611,0.10844,1.90310
-0.00611,0.10844,1.90310
-0.00611,0.10844,1.90310
-0.00611,0.10844,1.90310
-0.00611,0.10844,1.90310
-0.00611,0.10844,1.90310
-0.00611,0.10844,1.90310
-0.00611,0.10844,1.90310
-0.00611,0.10844,1.90310
-0.00611,0.10844,1.90310
-0.00611,0.10844,1.90310
-0.00611,0.10844,1.90310
-0.00611,0.10844,1.90310
-0.00611,0.10844,1.90310
-0.00611,0.10844,1.90310
-0.00611,0.10844,1.90310
-0.00611,0.10844,1.90310
-0.00611,0.10844,1.90310
-0.00611,0.10844,1.90310
-0.00611,0.10844,1.90310
-0.00611,0.10844,1.90310
-0.00611,0.10844,1.90310
-0.00611,0.10844,1.90310
-0.00611,0.10844,1.90310
-0.00611,0.10844,1.90310
-0.00611,0.10844,1.90310
-0.00611,0.10844,1.90310
-0.00611,0.10844,1.90310
-0.00611,0.10844,1.90310
-0.00611,0.10844,1.90310
-0.00611,0.10844,1.90310
-0.00611,0.10844,1.90310
-0.00611,0.10844,1.90310
-0.00611,0.10844,1.90310
-0.00611,0.10844,1.90310
-0.00611,0.10844,1.90310
-0.00611,0.10844,1.90310
-0.00611,0.10844,1.90310
-0.00611,0.10844,1.90310
-0.00611,0.10844,1.90310
-0.00611,0.10844,1.90310
-0.00611,0.10844,1.90310
-0.00611,0.10844,1.90310
-0.00611,0.10844,1.90310
-0.00611,0.10844,1.90310
-0.00611,0.10844,1.90310
-0.00611,0.10844,1.90310
-0.00611,0.10844,1.90310
-0.00611,0.10844,1.90310
-0.00611,0.10844,1.90310
-0.00611,0.10844,1.90310
-0.00611,0.10844,1.90310
-0.00611,0.10844,1.90310
-0.00611,0.10844,1.90310
-0.00611,0.10844,1.90310
-0.00611,0.10844,1.90310
-0.00611,0.10844,1.90310
-0.00611,0.10844,1.90310
-0.00611,0.10844,1.90310
-0.00611,0.10844,1.90310
-0.00611,0.10844,1.90310
-0.00611,0.10844,1.90310
-0.00611,0.10844,1.90310
-0.00611,0.10844,1.90310
-0.00611,0.10844,1.90310
-0.00611,0.10844,1.90310
-0.00611,0.10844,1.90310
-0.00611,0.10844,1.90310
-0.00611,0.10844,1.90310
-0.00611,0.10844,1.90310
-0.00611,0.10844,1.90310
-0.00611,0.10844,1.90310
-0.00611,0.10844,1.90310
-0.00611,0.10844,1.90310
-0.00611,0.10844,1.90310
-0.00611,0.10844,1.90310
-0.00611,0.10844,1.90310
-0.00611,0.10844,1.90310
-0.00611,0.10844,1.90310
-0.00611,0.10844,1.90310
-0.00611,0.10844,1.90310
-0.00611,0.10844,1.90310
-0.00466,0.08849,1.92669
